Map from character to field name
A:	Australia
B:	Bangladesh
C:	Belgium
D:	Cambodia
E:	Canada
F:	China
G:	Czech Republic
H:	Egypt
I:	France
J:	Georgia
K:	Germany
L:	Hong Kong
M:	Hungary
N:	Iceland
O:	India
P:	Indonesia
Q:	Iran
R:	Italy
S:	Japan
T:	Kazakhstan
U:	Laos
V:	Luxembourg
W:	Malaysia
X:	Mongolia
Y:	Netherlands
Z:	New Zealand
[:	Norway
\:	Pakistan
]:	Russia
^:	South Africa
_:	South Korea
`:	Sweden
a:	Taiwan
b:	Thailand
c:	Ukraine
d:	Usa
e:	Vietnam
f:	Zambia
g:	?


Substitution rate (mu): 20.180327

Equilibrium frequencies (pi_i):
  A: 0.0281
  B: 0.0278
  C: 0.0274
  D: 0.0266
  E: 0.0282
  F: 0.0228
  G: 0.0284
  H: 0.0292
  I: 0.0287
  J: 0.0279
  K: 0.0284
  L: 0.0268
  M: 0.0288
  N: 0.0283
  O: 0.0287
  P: 0.0277
  Q: 0.0291
  R: 0.0284
  S: 0.0159
  T: 0.029
  U: 0.0296
  V: 0.0291
  W: 0.0288
  X: 0.011
  Y: 0.0228
  Z: 0.0278
  [: 0.0297
  \: 0.0289
  ]: 0.0171
  ^: 0.0294
  _: 0.0179
  `: 0.0285
  a: 0.0241
  b: 0.0288
  c: 0.0288
  d: 0.0254
  e: 0.0165
  f: 0.0295

Symmetrized rates from j->i (W_ij):
	A	B	C	D	E	F	G	H	I	J	K	L	M	N	O	P	Q	R	S	T	U	V	W	X	Y	Z	[	\	]	^	_	`	a	b	c	d	e	f
  A	0	0.9495	0.95	0.9514	0.9496	1.2837	0.9508	0.9507	0.9513	0.9507	0.9516	0.9514	0.9507	0.9515	0.9506	0.9472	0.9505	0.9506	0.9504	0.9506	0.9506	0.9507	0.9507	0.9473	0.9448	1.1237	0.9507	0.9514	0.9456	0.9508	0.9486	0.9516	0.9516	0.9505	0.9507	0.9465	0.9472	0.95
  B	0.9495	0	0.9513	0.952	0.9506	0.9267	0.9519	1.2406	0.9523	0.952	0.9536	0.9518	0.9517	0.9524	0.9518	0.9477	0.9516	0.9516	0.9493	0.9687	0.9516	0.9518	0.9517	3.8021	0.9503	0.9526	0.9518	0.9533	3.4296	0.9518	0.945	0.9535	0.9516	0.9516	0.9517	0.9467	0.945	0.9511
  C	0.95	0.9513	0	0.9523	0.9511	0.93	0.9585	0.9524	0.955	1.4213	0.9546	0.9523	0.9522	0.9543	0.9521	0.9482	0.9521	0.9522	0.9495	0.9523	0.9522	0.9522	0.9525	0.9459	3.413	0.9531	0.9527	0.954	2.5589	0.9529	0.9466	0.9542	0.9517	0.952	0.9523	0.9472	0.9452	0.9524
  D	0.9514	0.952	0.9523	0	0.9519	1.4199	0.9532	0.9531	0.9536	0.9531	0.9539	0.9531	0.953	0.9538	0.9529	0.9492	0.9529	0.953	0.9535	0.953	0.953	0.9531	0.953	1.1997	0.9467	0.9544	0.9532	0.9538	1.0973	0.9532	0.9462	0.9539	0.9939	0.9529	0.953	0.9476	0.9457	0.9525
  E	0.9496	0.9506	0.9511	0.9519	0	0.9248	0.952	0.9519	0.9523	0.9519	0.9538	0.9519	0.9518	0.9525	0.9517	0.9477	0.9517	0.9518	0.9491	0.9518	0.9518	0.9518	0.9518	0.9445	0.9453	0.9527	0.9519	0.953	0.9446	0.952	0.9449	0.9537	0.9513	0.9516	0.9518	3.3369	0.9445	0.9512
  F	1.2837	0.9267	0.93	1.4199	0.9248	0	0.9271	0.9244	0.9839	0.9271	0.9495	1.39	0.9252	1.0005	0.9259	1.3748	0.9241	0.9264	3.9249	0.9247	0.9237	0.9242	0.9252	7.654	1.4684	1.2227	0.9239	0.9601	3.4849	0.9245	5.0434	0.9551	2.1321	0.9245	0.9252	2.3498	6.113	0.9242
  G	0.9508	0.9519	0.9585	0.9532	0.952	0.9271	0	0.9532	0.9546	1.283	0.963	0.9532	0.9532	0.9544	0.953	0.9489	0.953	0.9532	0.9498	0.9532	0.9531	0.9532	0.9532	0.9451	2.1552	0.954	1.1171	0.9544	0.9937	0.9536	0.9461	0.9546	0.9524	0.953	0.9532	0.9474	0.9452	0.953
  H	0.9507	1.2406	0.9524	0.9531	0.9519	0.9244	0.9532	0	0.9535	0.9532	0.954	0.9531	0.9531	0.9537	0.953	0.9487	0.9529	0.953	0.9497	0.9531	0.953	0.9531	0.9531	0.9786	0.9496	0.9539	0.9532	0.9537	1.6972	0.9532	0.9452	0.9539	0.9524	0.9529	0.9531	0.9468	0.9449	0.9525
  I	0.9513	0.9523	0.955	0.9536	0.9523	0.9839	0.9546	0.9535	0	0.9542	0.9549	0.9536	0.9538	0.9616	0.9533	0.9493	0.9533	0.9541	0.951	0.9534	0.9534	0.9535	0.9538	0.9468	1.2916	0.9545	0.9537	0.9544	0.9518	0.9537	0.9766	0.955	0.9533	0.9532	0.9538	0.9483	0.947	0.9533
  J	0.9507	0.952	1.4213	0.9531	0.9519	0.9271	1.283	0.9532	0.9542	0	0.9624	0.953	0.9531	0.9542	0.9529	0.9489	0.9529	0.9531	0.9498	0.9531	0.953	0.9531	0.9531	0.9453	1.8124	0.9539	1.2715	0.9541	1.8063	0.9534	0.946	0.9544	0.9523	0.9528	0.9531	0.9474	0.9453	0.9528
  K	0.9516	0.9536	0.9546	0.9539	0.9538	0.9495	0.963	0.954	0.9549	0.9624	0	0.9539	0.9541	0.955	0.954	0.9497	0.9538	0.9542	0.9512	0.954	0.9539	0.9539	0.9541	1.0056	1.5044	0.9548	0.9565	1.0451	1.0379	0.9542	0.9471	1.1772	0.9536	0.9539	0.9541	1.3359	0.9465	0.9537
  L	0.9514	0.9518	0.9523	0.9531	0.9519	1.39	0.9532	0.9531	0.9536	0.953	0.9539	0	0.953	0.9538	0.9529	0.9492	0.9529	0.953	0.9499	0.953	0.953	0.9531	0.953	0.9449	0.9464	0.9543	0.9532	0.9537	0.9456	0.9532	0.9461	0.9539	0.9523	0.9528	0.953	0.9473	0.9455	0.9525
  M	0.9507	0.9517	0.9522	0.953	0.9518	0.9252	0.9532	0.9531	0.9538	0.9531	0.9541	0.953	0	0.9539	0.9529	0.9488	0.9529	0.9529	0.9496	0.953	0.953	0.953	0.953	0.9445	1.4113	0.9539	0.9532	0.9539	0.9518	0.9533	0.9455	0.9541	0.9522	0.9528	0.953	0.9469	0.945	0.9526
  N	0.9515	0.9524	0.9543	0.9538	0.9525	1.0005	0.9544	0.9537	0.9616	0.9542	0.955	0.9538	0.9539	0	0.9535	0.9496	0.9535	0.954	0.9509	0.9536	0.9536	0.9536	0.9539	0.9466	1.4135	0.9546	0.9539	0.9546	0.9504	0.9539	0.9534	0.955	0.9533	0.9534	0.9539	0.9492	0.947	0.9534
  O	0.9506	0.9518	0.9521	0.9529	0.9517	0.9259	0.953	0.953	0.9533	0.9529	0.954	0.9529	0.9529	0.9535	0	0.9486	0.9527	0.9528	0.9498	0.9529	0.9528	0.9529	0.9529	1.6934	0.9458	0.9538	0.953	0.9538	1.8948	0.953	0.9453	0.954	0.9522	0.9527	0.9529	0.9469	1.1474	0.9523
  P	0.9472	0.9477	0.9482	0.9492	0.9477	1.3748	0.9489	0.9487	0.9493	0.9489	0.9497	0.9492	0.9488	0.9496	0.9486	0	0.9486	0.9487	0.9479	0.9487	0.9486	0.9487	0.9488	0.9468	0.9429	0.9503	0.9488	0.9494	0.9432	0.9488	0.9442	0.9496	0.949	0.9486	0.9488	0.9437	0.9438	0.9481
  Q	0.9505	0.9516	0.9521	0.9529	0.9517	0.9241	0.953	0.9529	0.9533	0.9529	0.9538	0.9529	0.9529	0.9535	0.9527	0.9486	0	0.9528	0.9495	0.9529	0.9529	0.9529	0.9529	0.9442	0.9452	0.9538	0.953	0.9535	1.4172	0.953	0.9451	0.9537	0.9521	0.9527	0.9529	0.9466	0.9448	0.9523
  R	0.9506	0.9516	0.9522	0.953	0.9518	0.9264	0.9532	0.953	0.9541	0.9531	0.9542	0.953	0.9529	0.954	0.9528	0.9487	0.9528	0	0.9496	0.9529	0.9529	0.953	0.9529	0.9448	1.8919	0.9538	0.9532	0.954	0.9453	0.9533	0.9458	0.9542	0.9521	0.9527	0.9529	0.9471	0.9451	0.9527
  S	0.9504	0.9493	0.9495	0.9535	0.9491	3.9249	0.9498	0.9497	0.951	0.9498	0.9512	0.9499	0.9496	0.9509	0.9498	0.9479	0.9495	0.9496	0	0.9497	1.4257	0.9496	0.9496	1.3966	0.9509	0.9521	0.9496	0.9507	3.1895	0.9497	2.1794	0.9511	3.2011	0.9495	0.9496	3.0093	3.6594	0.9493
  T	0.9506	0.9687	0.9523	0.953	0.9518	0.9247	0.9532	0.9531	0.9534	0.9531	0.954	0.953	0.953	0.9536	0.9529	0.9487	0.9529	0.9529	0.9497	0	0.953	0.953	0.953	1.1562	0.9455	0.9539	0.9532	0.9537	1.1962	0.9532	0.9452	0.9539	0.9523	0.9528	0.953	0.9468	0.9449	0.9524
  U	0.9506	0.9516	0.9522	0.953	0.9518	0.9237	0.9531	0.953	0.9534	0.953	0.9539	0.953	0.953	0.9536	0.9528	0.9486	0.9529	0.9529	1.4257	0.953	0	0.953	0.953	0.944	0.9451	0.9539	0.9532	0.9536	0.9448	0.9532	0.9451	0.9538	0.9523	0.9528	0.953	0.9466	0.9448	0.9524
  V	0.9507	0.9518	0.9522	0.9531	0.9518	0.9242	0.9532	0.9531	0.9535	0.9531	0.9539	0.9531	0.953	0.9536	0.9529	0.9487	0.9529	0.953	0.9496	0.953	0.953	0	0.953	0.9442	0.9453	0.9539	0.9532	0.9537	1.4174	0.9532	0.9452	0.9539	0.9522	0.9528	0.953	0.9467	0.9449	0.9525
  W	0.9507	0.9517	0.9525	0.953	0.9518	0.9252	0.9532	0.9531	0.9538	0.9531	0.9541	0.953	0.953	0.9539	0.9529	0.9488	0.9529	0.9529	0.9496	0.953	0.953	0.953	0	0.9445	1.4182	0.9539	0.9532	0.9539	0.9451	0.9533	0.9455	0.9541	0.9522	0.9528	0.953	0.9469	0.945	0.9526
  X	0.9473	3.8021	0.9459	1.1997	0.9445	7.654	0.9451	0.9786	0.9468	0.9453	1.0056	0.9449	0.9445	0.9466	1.6934	0.9468	0.9442	0.9448	1.3966	1.1562	0.944	0.9442	0.9445	0	1.4398	0.9484	0.9441	1.0377	8.4027	0.9443	2.1796	1.0199	1.33	1.8884	0.9445	1.4079	2.8543	0.9442
  Y	0.9448	0.9503	3.413	0.9467	0.9453	1.4684	2.1552	0.9496	1.2916	1.8124	1.5044	0.9464	1.4113	1.4135	0.9458	0.9429	0.9452	1.8919	0.9509	0.9455	0.9451	0.9453	1.4182	1.4398	0	0.9473	1.0432	1.1629	6.5811	1.179	1.3174	1.6204	0.9493	0.9456	1.4181	1.0129	1.0523	1.3775
  Z	1.1237	0.9526	0.9531	0.9544	0.9527	1.2227	0.954	0.9539	0.9545	0.9539	0.9548	0.9543	0.9539	0.9546	0.9538	0.9503	0.9538	0.9538	0.9521	0.9539	0.9539	0.9539	0.9539	0.9484	0.9473	0	0.9541	0.9546	0.9475	0.9541	0.9501	0.9548	0.9542	0.9537	0.9539	0.9493	0.949	0.9533
  [	0.9507	0.9518	0.9527	0.9532	0.9519	0.9239	1.1171	0.9532	0.9537	1.2715	0.9565	0.9532	0.9532	0.9539	0.953	0.9488	0.953	0.9532	0.9496	0.9532	0.9532	0.9532	0.9532	0.9441	1.0432	0.9541	0	0.9539	0.9506	0.9534	0.9452	0.9541	0.9523	0.9529	0.9532	0.9467	0.9448	0.9526
  \	0.9514	0.9533	0.954	0.9538	0.953	0.9601	0.9544	0.9537	0.9544	0.9541	1.0451	0.9537	0.9539	0.9546	0.9538	0.9494	0.9535	0.954	0.9507	0.9537	0.9536	0.9537	0.9539	1.0377	1.1629	0.9546	0.9539	0	0.958	0.9539	0.9468	1.0649	0.9532	0.9538	0.9539	0.9867	0.9463	0.9533
  ]	0.9456	3.4296	2.5589	1.0973	0.9446	3.4849	0.9937	1.6972	0.9518	1.8063	1.0379	0.9456	0.9518	0.9504	1.8948	0.9432	1.4172	0.9453	3.1895	1.1962	0.9448	1.4174	0.9451	8.4027	6.5811	0.9475	0.9506	0.958	0	0.9497	0.9519	0.9557	3.3754	0.945	0.9452	2.0441	1.2524	0.9538
  ^	0.9508	0.9518	0.9529	0.9532	0.952	0.9245	0.9536	0.9532	0.9537	0.9534	0.9542	0.9532	0.9533	0.9539	0.953	0.9488	0.953	0.9533	0.9497	0.9532	0.9532	0.9532	0.9533	0.9443	1.179	0.9541	0.9534	0.9539	0.9497	0	0.9453	0.9542	0.9523	0.953	0.9533	0.9468	0.9449	1.5528
  _	0.9486	0.945	0.9466	0.9462	0.9449	5.0434	0.9461	0.9452	0.9766	0.946	0.9471	0.9461	0.9455	0.9534	0.9453	0.9442	0.9451	0.9458	2.1794	0.9452	0.9451	0.9452	0.9455	2.1796	1.3174	0.9501	0.9452	0.9468	0.9519	0.9453	0	0.9472	1.5937	0.9452	0.9455	1.1511	0.9633	0.945
  `	0.9516	0.9535	0.9542	0.9539	0.9537	0.9551	0.9546	0.9539	0.955	0.9544	1.1772	0.9539	0.9541	0.955	0.954	0.9496	0.9537	0.9542	0.9511	0.9539	0.9538	0.9539	0.9541	1.0199	1.6204	0.9548	0.9541	1.0649	0.9557	0.9542	0.9472	0	0.9535	0.9539	0.9541	1.0518	0.9465	0.9537
  a	0.9516	0.9516	0.9517	0.9939	0.9513	2.1321	0.9524	0.9524	0.9533	0.9523	0.9536	0.9523	0.9522	0.9533	0.9522	0.949	0.9521	0.9521	3.2011	0.9523	0.9523	0.9522	0.9522	1.33	0.9493	0.9542	0.9523	0.9532	3.3754	0.9523	1.5937	0.9535	0	0.952	0.9522	1.2433	1.2757	0.9517
  b	0.9505	0.9516	0.952	0.9529	0.9516	0.9245	0.953	0.9529	0.9532	0.9528	0.9539	0.9528	0.9528	0.9534	0.9527	0.9486	0.9527	0.9527	0.9495	0.9528	0.9528	0.9528	0.9528	1.8884	0.9456	0.9537	0.9529	0.9538	0.945	0.953	0.9452	0.9539	0.952	0	0.9528	0.9468	0.9449	0.9522
  c	0.9507	0.9517	0.9523	0.953	0.9518	0.9252	0.9532	0.9531	0.9538	0.9531	0.9541	0.953	0.953	0.9539	0.9529	0.9488	0.9529	0.9529	0.9496	0.953	0.953	0.953	0.953	0.9445	1.4181	0.9539	0.9532	0.9539	0.9452	0.9533	0.9455	0.9541	0.9522	0.9528	0	0.9469	0.945	0.9526
  d	0.9465	0.9467	0.9472	0.9476	3.3369	2.3498	0.9474	0.9468	0.9483	0.9474	1.3359	0.9473	0.9469	0.9492	0.9469	0.9437	0.9466	0.9471	3.0093	0.9468	0.9466	0.9467	0.9469	1.4079	1.0129	0.9493	0.9467	0.9867	2.0441	0.9468	1.1511	1.0518	1.2433	0.9468	0.9469	0	0.9862	0.9462
  e	0.9472	0.945	0.9452	0.9457	0.9445	6.113	0.9452	0.9449	0.947	0.9453	0.9465	0.9455	0.945	0.947	1.1474	0.9438	0.9448	0.9451	3.6594	0.9449	0.9448	0.9449	0.945	2.8543	1.0523	0.949	0.9448	0.9463	1.2524	0.9449	0.9633	0.9465	1.2757	0.9449	0.945	0.9862	0	0.9445
  f	0.95	0.9511	0.9524	0.9525	0.9512	0.9242	0.953	0.9525	0.9533	0.9528	0.9537	0.9525	0.9526	0.9534	0.9523	0.9481	0.9523	0.9527	0.9493	0.9524	0.9524	0.9525	0.9526	0.9442	1.3775	0.9533	0.9526	0.9533	0.9538	1.5528	0.945	0.9537	0.9517	0.9522	0.9526	0.9462	0.9445	0

Actual rates from j->i (Q_ij):
	A	B	C	D	E	F	G	H	I	J	K	L	M	N	O	P	Q	R	S	T	U	V	W	X	Y	Z	[	\	]	^	_	`	a	b	c	d	e	f
  A	0	0.0267	0.0267	0.0268	0.0267	0.0361	0.0267	0.0267	0.0267	0.0267	0.0268	0.0268	0.0267	0.0268	0.0267	0.0266	0.0267	0.0267	0.0267	0.0267	0.0267	0.0267	0.0267	0.0266	0.0266	0.0316	0.0267	0.0268	0.0266	0.0267	0.0267	0.0268	0.0268	0.0267	0.0267	0.0266	0.0266	0.0267
  B	0.0264	0	0.0265	0.0265	0.0264	0.0258	0.0265	0.0345	0.0265	0.0265	0.0265	0.0265	0.0265	0.0265	0.0265	0.0264	0.0265	0.0265	0.0264	0.0269	0.0265	0.0265	0.0265	0.1058	0.0264	0.0265	0.0265	0.0265	0.0954	0.0265	0.0263	0.0265	0.0265	0.0265	0.0265	0.0263	0.0263	0.0265
  C	0.026	0.0261	0	0.0261	0.0261	0.0255	0.0263	0.0261	0.0262	0.039	0.0262	0.0261	0.0261	0.0262	0.0261	0.026	0.0261	0.0261	0.026	0.0261	0.0261	0.0261	0.0261	0.0259	0.0936	0.0261	0.0261	0.0262	0.0702	0.0261	0.026	0.0262	0.0261	0.0261	0.0261	0.026	0.0259	0.0261
  D	0.0253	0.0253	0.0253	0	0.0253	0.0378	0.0254	0.0254	0.0254	0.0254	0.0254	0.0254	0.0254	0.0254	0.0254	0.0253	0.0254	0.0254	0.0254	0.0254	0.0254	0.0254	0.0254	0.0319	0.0252	0.0254	0.0254	0.0254	0.0292	0.0254	0.0252	0.0254	0.0265	0.0254	0.0254	0.0252	0.0252	0.0253
  E	0.0268	0.0268	0.0268	0.0268	0	0.0261	0.0268	0.0268	0.0269	0.0268	0.0269	0.0268	0.0268	0.0269	0.0268	0.0267	0.0268	0.0268	0.0268	0.0268	0.0268	0.0268	0.0268	0.0266	0.0267	0.0269	0.0268	0.0269	0.0266	0.0268	0.0266	0.0269	0.0268	0.0268	0.0268	0.0941	0.0266	0.0268
  F	0.0293	0.0212	0.0212	0.0324	0.0211	0	0.0212	0.0211	0.0225	0.0212	0.0217	0.0317	0.0211	0.0228	0.0211	0.0314	0.0211	0.0211	0.0896	0.0211	0.0211	0.0211	0.0211	0.1747	0.0335	0.0279	0.0211	0.0219	0.0795	0.0211	0.1151	0.0218	0.0487	0.0211	0.0211	0.0536	0.1395	0.0211
  G	0.027	0.0271	0.0273	0.0271	0.0271	0.0264	0	0.0271	0.0272	0.0365	0.0274	0.0271	0.0271	0.0271	0.0271	0.027	0.0271	0.0271	0.027	0.0271	0.0271	0.0271	0.0271	0.0269	0.0613	0.0271	0.0318	0.0271	0.0283	0.0271	0.0269	0.0272	0.0271	0.0271	0.0271	0.0269	0.0269	0.0271
  H	0.0278	0.0362	0.0278	0.0278	0.0278	0.027	0.0278	0	0.0278	0.0278	0.0279	0.0278	0.0278	0.0278	0.0278	0.0277	0.0278	0.0278	0.0277	0.0278	0.0278	0.0278	0.0278	0.0286	0.0277	0.0279	0.0278	0.0278	0.0496	0.0278	0.0276	0.0279	0.0278	0.0278	0.0278	0.0276	0.0276	0.0278
  I	0.0273	0.0273	0.0274	0.0274	0.0273	0.0282	0.0274	0.0274	0	0.0274	0.0274	0.0274	0.0274	0.0276	0.0274	0.0272	0.0274	0.0274	0.0273	0.0274	0.0274	0.0274	0.0274	0.0272	0.0371	0.0274	0.0274	0.0274	0.0273	0.0274	0.028	0.0274	0.0274	0.0274	0.0274	0.0272	0.0272	0.0274
  J	0.0265	0.0266	0.0396	0.0266	0.0265	0.0259	0.0358	0.0266	0.0266	0	0.0268	0.0266	0.0266	0.0266	0.0266	0.0265	0.0266	0.0266	0.0265	0.0266	0.0266	0.0266	0.0266	0.0264	0.0505	0.0266	0.0355	0.0266	0.0504	0.0266	0.0264	0.0266	0.0266	0.0266	0.0266	0.0264	0.0264	0.0266
  K	0.027	0.0271	0.0271	0.0271	0.0271	0.0269	0.0273	0.0271	0.0271	0.0273	0	0.0271	0.0271	0.0271	0.0271	0.0269	0.0271	0.0271	0.027	0.0271	0.0271	0.0271	0.0271	0.0285	0.0427	0.0271	0.0271	0.0297	0.0294	0.0271	0.0269	0.0334	0.0271	0.0271	0.0271	0.0379	0.0269	0.0271
  L	0.0255	0.0255	0.0255	0.0255	0.0255	0.0372	0.0255	0.0255	0.0255	0.0255	0.0255	0	0.0255	0.0255	0.0255	0.0254	0.0255	0.0255	0.0254	0.0255	0.0255	0.0255	0.0255	0.0253	0.0253	0.0256	0.0255	0.0255	0.0253	0.0255	0.0253	0.0255	0.0255	0.0255	0.0255	0.0254	0.0253	0.0255
  M	0.0274	0.0274	0.0274	0.0274	0.0274	0.0266	0.0274	0.0274	0.0274	0.0274	0.0275	0.0274	0	0.0274	0.0274	0.0273	0.0274	0.0274	0.0273	0.0274	0.0274	0.0274	0.0274	0.0272	0.0406	0.0274	0.0274	0.0274	0.0274	0.0274	0.0272	0.0275	0.0274	0.0274	0.0274	0.0272	0.0272	0.0274
  N	0.0269	0.0269	0.027	0.027	0.0269	0.0283	0.027	0.027	0.0272	0.027	0.027	0.027	0.027	0	0.027	0.0269	0.027	0.027	0.0269	0.027	0.027	0.027	0.027	0.0268	0.04	0.027	0.027	0.027	0.0269	0.027	0.027	0.027	0.027	0.027	0.027	0.0269	0.0268	0.027
  O	0.0272	0.0273	0.0273	0.0273	0.0273	0.0265	0.0273	0.0273	0.0273	0.0273	0.0273	0.0273	0.0273	0.0273	0	0.0272	0.0273	0.0273	0.0272	0.0273	0.0273	0.0273	0.0273	0.0485	0.0271	0.0273	0.0273	0.0273	0.0543	0.0273	0.0271	0.0273	0.0273	0.0273	0.0273	0.0271	0.0329	0.0273
  P	0.0263	0.0263	0.0263	0.0263	0.0263	0.0381	0.0263	0.0263	0.0263	0.0263	0.0263	0.0263	0.0263	0.0263	0.0263	0	0.0263	0.0263	0.0263	0.0263	0.0263	0.0263	0.0263	0.0262	0.0261	0.0263	0.0263	0.0263	0.0261	0.0263	0.0262	0.0263	0.0263	0.0263	0.0263	0.0262	0.0262	0.0263
  Q	0.0277	0.0277	0.0277	0.0278	0.0277	0.0269	0.0278	0.0278	0.0278	0.0278	0.0278	0.0278	0.0277	0.0278	0.0277	0.0276	0	0.0277	0.0277	0.0277	0.0277	0.0277	0.0277	0.0275	0.0275	0.0278	0.0278	0.0278	0.0413	0.0278	0.0275	0.0278	0.0277	0.0277	0.0277	0.0276	0.0275	0.0277
  R	0.027	0.027	0.027	0.0271	0.027	0.0263	0.0271	0.0271	0.0271	0.0271	0.0271	0.0271	0.0271	0.0271	0.0271	0.0269	0.0271	0	0.027	0.0271	0.0271	0.0271	0.0271	0.0268	0.0537	0.0271	0.0271	0.0271	0.0268	0.0271	0.0269	0.0271	0.027	0.0271	0.0271	0.0269	0.0268	0.0271
  S	0.0151	0.0151	0.0151	0.0152	0.0151	0.0625	0.0151	0.0151	0.0152	0.0151	0.0152	0.0151	0.0151	0.0152	0.0151	0.0151	0.0151	0.0151	0	0.0151	0.0227	0.0151	0.0151	0.0223	0.0152	0.0152	0.0151	0.0151	0.0508	0.0151	0.0347	0.0152	0.051	0.0151	0.0151	0.0479	0.0583	0.0151
  T	0.0276	0.0281	0.0277	0.0277	0.0276	0.0269	0.0277	0.0277	0.0277	0.0277	0.0277	0.0277	0.0277	0.0277	0.0277	0.0276	0.0277	0.0277	0.0276	0	0.0277	0.0277	0.0277	0.0336	0.0275	0.0277	0.0277	0.0277	0.0347	0.0277	0.0275	0.0277	0.0277	0.0277	0.0277	0.0275	0.0274	0.0277
  U	0.0281	0.0282	0.0282	0.0282	0.0282	0.0273	0.0282	0.0282	0.0282	0.0282	0.0282	0.0282	0.0282	0.0282	0.0282	0.0281	0.0282	0.0282	0.0422	0.0282	0	0.0282	0.0282	0.0279	0.028	0.0282	0.0282	0.0282	0.028	0.0282	0.028	0.0282	0.0282	0.0282	0.0282	0.028	0.028	0.0282
  V	0.0277	0.0277	0.0277	0.0277	0.0277	0.0269	0.0277	0.0277	0.0277	0.0277	0.0277	0.0277	0.0277	0.0277	0.0277	0.0276	0.0277	0.0277	0.0276	0.0277	0.0277	0	0.0277	0.0275	0.0275	0.0277	0.0277	0.0277	0.0412	0.0277	0.0275	0.0277	0.0277	0.0277	0.0277	0.0275	0.0275	0.0277
  W	0.0274	0.0274	0.0274	0.0274	0.0274	0.0266	0.0274	0.0274	0.0274	0.0274	0.0275	0.0274	0.0274	0.0274	0.0274	0.0273	0.0274	0.0274	0.0273	0.0274	0.0274	0.0274	0	0.0272	0.0408	0.0274	0.0274	0.0274	0.0272	0.0274	0.0272	0.0275	0.0274	0.0274	0.0274	0.0272	0.0272	0.0274
  X	0.0104	0.0419	0.0104	0.0132	0.0104	0.0843	0.0104	0.0108	0.0104	0.0104	0.0111	0.0104	0.0104	0.0104	0.0187	0.0104	0.0104	0.0104	0.0154	0.0127	0.0104	0.0104	0.0104	0	0.0159	0.0105	0.0104	0.0114	0.0926	0.0104	0.024	0.0112	0.0147	0.0208	0.0104	0.0155	0.0315	0.0104
  Y	0.0216	0.0217	0.0779	0.0216	0.0216	0.0335	0.0492	0.0217	0.0295	0.0413	0.0343	0.0216	0.0322	0.0322	0.0216	0.0215	0.0216	0.0432	0.0217	0.0216	0.0216	0.0216	0.0324	0.0328	0	0.0216	0.0238	0.0265	0.1501	0.0269	0.0301	0.037	0.0217	0.0216	0.0324	0.0231	0.024	0.0314
  Z	0.0312	0.0264	0.0265	0.0265	0.0264	0.0339	0.0265	0.0265	0.0265	0.0265	0.0265	0.0265	0.0265	0.0265	0.0265	0.0264	0.0265	0.0265	0.0264	0.0265	0.0265	0.0265	0.0265	0.0263	0.0263	0	0.0265	0.0265	0.0263	0.0265	0.0264	0.0265	0.0265	0.0265	0.0265	0.0264	0.0263	0.0265
  [	0.0282	0.0283	0.0283	0.0283	0.0283	0.0274	0.0332	0.0283	0.0283	0.0378	0.0284	0.0283	0.0283	0.0283	0.0283	0.0282	0.0283	0.0283	0.0282	0.0283	0.0283	0.0283	0.0283	0.028	0.031	0.0283	0	0.0283	0.0282	0.0283	0.0281	0.0283	0.0283	0.0283	0.0283	0.0281	0.0281	0.0283
  \	0.0275	0.0275	0.0276	0.0276	0.0275	0.0277	0.0276	0.0276	0.0276	0.0276	0.0302	0.0276	0.0276	0.0276	0.0276	0.0274	0.0276	0.0276	0.0275	0.0276	0.0276	0.0276	0.0276	0.03	0.0336	0.0276	0.0276	0	0.0277	0.0276	0.0274	0.0308	0.0275	0.0276	0.0276	0.0285	0.0273	0.0275
  ]	0.0162	0.0586	0.0437	0.0188	0.0161	0.0595	0.017	0.029	0.0163	0.0309	0.0177	0.0162	0.0163	0.0162	0.0324	0.0161	0.0242	0.0162	0.0545	0.0204	0.0161	0.0242	0.0161	0.1436	0.1125	0.0162	0.0162	0.0164	0	0.0162	0.0163	0.0163	0.0577	0.0161	0.0162	0.0349	0.0214	0.0163
  ^	0.0279	0.028	0.028	0.028	0.028	0.0272	0.028	0.028	0.028	0.028	0.028	0.028	0.028	0.028	0.028	0.0279	0.028	0.028	0.0279	0.028	0.028	0.028	0.028	0.0277	0.0346	0.028	0.028	0.028	0.0279	0	0.0278	0.028	0.028	0.028	0.028	0.0278	0.0278	0.0456
  _	0.017	0.0169	0.017	0.017	0.0169	0.0904	0.017	0.0169	0.0175	0.017	0.017	0.017	0.0169	0.0171	0.0169	0.0169	0.0169	0.017	0.0391	0.0169	0.0169	0.0169	0.0169	0.0391	0.0236	0.017	0.0169	0.017	0.0171	0.0169	0	0.017	0.0286	0.0169	0.0169	0.0206	0.0173	0.0169
  `	0.0272	0.0272	0.0272	0.0272	0.0272	0.0273	0.0273	0.0272	0.0273	0.0272	0.0336	0.0272	0.0272	0.0273	0.0272	0.0271	0.0272	0.0272	0.0272	0.0272	0.0272	0.0272	0.0272	0.0291	0.0463	0.0273	0.0272	0.0304	0.0273	0.0272	0.027	0	0.0272	0.0272	0.0272	0.03	0.027	0.0272
  a	0.0229	0.0229	0.0229	0.0239	0.0229	0.0513	0.0229	0.0229	0.0229	0.0229	0.023	0.0229	0.0229	0.0229	0.0229	0.0228	0.0229	0.0229	0.0771	0.0229	0.0229	0.0229	0.0229	0.032	0.0229	0.023	0.0229	0.0229	0.0813	0.0229	0.0384	0.023	0	0.0229	0.0229	0.0299	0.0307	0.0229
  b	0.0274	0.0274	0.0274	0.0274	0.0274	0.0266	0.0274	0.0274	0.0274	0.0274	0.0275	0.0274	0.0274	0.0275	0.0274	0.0273	0.0274	0.0274	0.0273	0.0274	0.0274	0.0274	0.0274	0.0544	0.0272	0.0275	0.0274	0.0275	0.0272	0.0274	0.0272	0.0275	0.0274	0	0.0274	0.0273	0.0272	0.0274
  c	0.0274	0.0274	0.0274	0.0274	0.0274	0.0266	0.0274	0.0274	0.0274	0.0274	0.0275	0.0274	0.0274	0.0274	0.0274	0.0273	0.0274	0.0274	0.0273	0.0274	0.0274	0.0274	0.0274	0.0272	0.0408	0.0274	0.0274	0.0274	0.0272	0.0274	0.0272	0.0274	0.0274	0.0274	0	0.0272	0.0272	0.0274
  d	0.0241	0.0241	0.0241	0.0241	0.0848	0.0597	0.0241	0.0241	0.0241	0.0241	0.034	0.0241	0.0241	0.0241	0.0241	0.024	0.0241	0.0241	0.0765	0.0241	0.0241	0.0241	0.0241	0.0358	0.0258	0.0241	0.0241	0.0251	0.052	0.0241	0.0293	0.0267	0.0316	0.0241	0.0241	0	0.0251	0.0241
  e	0.0157	0.0156	0.0156	0.0156	0.0156	0.101	0.0156	0.0156	0.0156	0.0156	0.0156	0.0156	0.0156	0.0156	0.019	0.0156	0.0156	0.0156	0.0605	0.0156	0.0156	0.0156	0.0156	0.0472	0.0174	0.0157	0.0156	0.0156	0.0207	0.0156	0.0159	0.0156	0.0211	0.0156	0.0156	0.0163	0	0.0156
  f	0.028	0.028	0.0281	0.0281	0.0281	0.0273	0.0281	0.0281	0.0281	0.0281	0.0281	0.0281	0.0281	0.0281	0.0281	0.028	0.0281	0.0281	0.028	0.0281	0.0281	0.0281	0.0281	0.0278	0.0406	0.0281	0.0281	0.0281	0.0281	0.0458	0.0279	0.0281	0.0281	0.0281	0.0281	0.0279	0.0279	0
