{
  "generated_by": {
    "program": "augur",
    "version": "27.0.0"
  },
  "models": {
    "country": {
      "alphabet": [
        "Algeria",
        "Argentina",
        "Australia",
        "Austria",
        "Brazil",
        "Chile",
        "China",
        "France",
        "Germany",
        "Ireland",
        "Italy",
        "Japan",
        "Kazakhstan",
        "Malaysia",
        "Mongolia",
        "Nigeria",
        "Poland",
        "Romania",
        "Saudi Arabia",
        "South Africa",
        "South Korea",
        "Sweden",
        "Switzerland",
        "Turkey",
        "United Arab Emirates",
        "United Kingdom",
        "Uruguay",
        "Usa",
        "?"
      ],
      "equilibrium_probabilities": [
        0.03652706822902992,
        0.033968263186866014,
        0.03795621171081574,
        0.03794859051295096,
        0.03172602675331907,
        0.03176911394821381,
        0.041458116132560445,
        0.034429907051020156,
        0.03725667130341308,
        0.03685484911071014,
        0.03707044655681555,
        0.032773892041807744,
        0.03949999113357686,
        0.034540778393178005,
        0.03677432975374645,
        0.037580957977675765,
        0.03833150914133472,
        0.03824182182242423,
        0.0284396403891237,
        0.03239795018799514,
        0.037956834167768634,
        0.03350690723017732,
        0.03600612351610545,
        0.03739631152343782,
        0.03810947283627042,
        0.026233870099169276,
        0.034751632994298794,
        0.040492712296194555
      ],
      "rate": 69.31137195881232,
      "transition_matrix": [
        [
          0.0,
          0.9619872049174433,
          0.9622332272851606,
          0.961384974020618,
          0.9643417720303477,
          0.9626630199675408,
          0.9607726673322307,
          0.9629511774654463,
          0.9613148329839916,
          0.9615790042107824,
          0.9615219798360214,
          1.321424440617578,
          0.961276213704194,
          0.9618610707775254,
          0.9607977301798271,
          0.9613313367165616,
          0.9610228137358297,
          0.9614749467891702,
          0.9627360043584835,
          0.9625512255717216,
          0.9622315656287894,
          0.962336331639477,
          0.9898827341522322,
          0.9612067251398971,
          0.9612649286122836,
          0.9658001905095686,
          0.9717435489998427,
          1.183784847781499
        ],
        [
          0.9619872049174433,
          0.0,
          0.9584456143493031,
          0.9585949364579405,
          0.9590831013515333,
          1.1742940286153958,
          0.9577741333339242,
          0.9585498289548045,
          0.9584692551098674,
          0.9585282087790873,
          0.9583976799595081,
          0.9623768953699205,
          0.9583729968185128,
          0.9584810410924443,
          0.9581037265499674,
          0.9585998611512033,
          0.9582193439719175,
          0.9585440970551408,
          0.9586677043069842,
          0.9585629818705238,
          0.9584441853366973,
          0.9585069464890302,
          0.9600649779220979,
          0.9584221673219827,
          0.9584357376398034,
          0.957970737983043,
          0.959832889426439,
          1.5396331381909636
        ],
        [
          0.9622332272851606,
          0.9584456143493031,
          0.0,
          0.9585296944864132,
          0.9586706271259264,
          0.9580574265781902,
          0.9576007214258762,
          0.9583269882150991,
          0.958376672613989,
          0.958405285883033,
          0.9582891458680474,
          1.4463895515703666,
          0.9582785218766825,
          0.9583410187253811,
          0.9579863798718177,
          0.9584655090891393,
          0.9581123884756956,
          0.9584732471708912,
          0.9583677462778243,
          0.9583680788169414,
          0.9583616611172807,
          0.958290536863507,
          0.9602582742671406,
          0.9583406965895902,
          0.9583541983012825,
          0.957221652318126,
          0.9595491688045398,
          0.9614387945688627
        ],
        [
          0.961384974020618,
          0.9585949364579405,
          0.9585296944864132,
          0.0,
          0.9587909169705325,
          0.9581955205217523,
          1.1580166070098676,
          0.9584798819297033,
          0.9585774867019964,
          0.9585657439138934,
          1.4688474951918595,
          0.9614958852022171,
          0.9586451094991454,
          0.9584907590332575,
          0.9584670518316478,
          0.9586324398507863,
          0.9587663617404594,
          0.9586415745423531,
          0.9584978195197809,
          0.9585058665892422,
          0.9585281317654745,
          0.9584336542681343,
          0.9606897297692132,
          0.9585082306857483,
          0.9585226936649804,
          0.9608998188734884,
          0.9595879448770513,
          0.960123777414301
        ],
        [
          0.9643417720303477,
          0.9590831013515333,
          0.9586706271259264,
          0.9587909169705325,
          0.0,
          1.0323917699255984,
          0.9580493787632449,
          0.9591024918541569,
          0.9586956148853204,
          0.9588132826912091,
          0.9586835432457949,
          0.9655719516093973,
          0.9585931002270395,
          0.9588216335641533,
          0.958325155712356,
          0.9587566682281276,
          0.9584394728918233,
          0.958766975590409,
          0.9592920904660841,
          0.9590313433576344,
          0.9586692448534611,
          0.9589792074947548,
          0.9690704579131049,
          0.9586279847213652,
          1.44165191666881,
          0.9589700471727529,
          1.379234988928894,
          2.271193526459549
        ],
        [
          0.9626630199675408,
          1.1742940286153958,
          0.9580574265781902,
          0.9581955205217523,
          1.0323917699255984,
          0.0,
          0.9575509633726581,
          0.9588945948674346,
          0.9582458713103101,
          0.9581787279542539,
          0.9583791680156112,
          0.9634299937027622,
          0.9579695427392448,
          0.9581324943596669,
          0.9577447590245276,
          1.2329469028941893,
          0.9578380664278164,
          0.9581432354795832,
          0.9585969481388914,
          0.9582433182670793,
          0.9580560498188698,
          0.958217926153086,
          0.9599436582697058,
          0.9581777230830703,
          0.958060857804737,
          1.4459821039147331,
          0.9600379855481058,
          2.223593076132981
        ],
        [
          0.9607726673322307,
          0.9577741333339242,
          0.9576007214258762,
          1.1580166070098676,
          0.9580493787632449,
          0.9575509633726581,
          0.0,
          0.9576932338759686,
          0.9576701591661123,
          0.9576672718052341,
          1.2877648087119267,
          0.9610003636161664,
          1.8295398780075955,
          0.9576440966155646,
          2.5057878692439486,
          0.9577976762158869,
          0.9575404990996602,
          0.9577147595906572,
          0.9578328456559079,
          0.9577149518270504,
          0.9575990054360055,
          0.9576081375115899,
          0.9596505320971547,
          0.9575953792810943,
          0.9575891902798809,
          1.4432222780352615,
          0.9588404383469477,
          0.9594683606048989
        ],
        [
          0.9629511774654463,
          0.9585498289548045,
          0.9583269882150991,
          0.9584798819297033,
          0.9591024918541569,
          0.9588945948674346,
          0.9576932338759686,
          0.0,
          0.9584195864842913,
          0.9584139100365858,
          0.9586086652670638,
          0.9665121027942388,
          0.9582410615595436,
          0.9583236977546533,
          0.9579780057654084,
          0.9587153050290266,
          0.958096508155946,
          1.2376056074893147,
          0.9587064712798549,
          0.9583722345727451,
          0.9583255094251834,
          0.958354136030646,
          1.4471045312036062,
          0.9596071191333867,
          0.9583105130443099,
          3.235203640942778,
          0.9601757088072216,
          1.847376582373846
        ],
        [
          0.9613148329839916,
          0.9584692551098674,
          0.958376672613989,
          0.9585774867019964,
          0.9586956148853204,
          0.9582458713103101,
          0.9576701591661123,
          0.9584195864842913,
          0.0,
          0.9584235291690403,
          0.9861453576817354,
          0.9614820386485646,
          0.9582945729415554,
          0.9583595039309439,
          0.9580074672397745,
          0.9585415734535999,
          0.958146023173174,
          0.9584842771711666,
          0.9584167596411363,
          0.9583895276300516,
          0.9583751298732017,
          0.9583159203219348,
          0.959975726611119,
          0.9583634017425164,
          0.958368838119295,
          1.4520702718266203,
          0.9594797477348282,
          0.9747105999897436
        ],
        [
          0.9615790042107824,
          0.9585282087790873,
          0.958405285883033,
          0.9585657439138934,
          0.9588132826912091,
          0.9581787279542539,
          0.9576672718052341,
          0.9584139100365858,
          0.9584235291690403,
          0.0,
          0.9583396187540703,
          0.9617991301686668,
          0.9583242922929677,
          0.9583998984181937,
          0.9580380758666291,
          0.9585038504526419,
          0.9581620197817912,
          0.9585110699158659,
          1.3511690087814505,
          0.9584421586223211,
          0.9584037535506401,
          0.9584339981649184,
          0.9600039010566551,
          0.9583832510613336,
          0.9583967074438496,
          0.958168249699378,
          0.9596136176613123,
          1.1321691172779382
        ],
        [
          0.9615219798360214,
          0.9583976799595081,
          0.9582891458680474,
          1.4688474951918595,
          0.9586835432457949,
          0.9583791680156112,
          1.2877648087119267,
          0.9586086652670638,
          0.9861453576817354,
          0.9583396187540703,
          0.0,
          0.9617611721741511,
          0.9585363190746349,
          0.9582770460232778,
          0.9584982817843738,
          0.9585205953907878,
          1.4355068821964991,
          0.9584618710260893,
          0.9583846645120951,
          0.9583111519292051,
          0.9582876049521931,
          0.9582398368513803,
          1.4434573128103367,
          0.9582963251506456,
          0.958279199970637,
          2.0843714136147824,
          0.9595368381635866,
          0.9914515853291186
        ],
        [
          1.321424440617578,
          0.9623768953699205,
          1.4463895515703666,
          0.9614958852022171,
          0.9655719516093973,
          0.9634299937027622,
          0.9610003636161664,
          0.9665121027942388,
          0.9614820386485646,
          0.9617991301686668,
          0.9617611721741511,
          0.0,
          0.9614169773142431,
          0.9621216325454914,
          0.9609574191301141,
          0.9615128115167005,
          0.9611742103629356,
          0.9616070102066353,
          0.9634046798809505,
          0.9629409827350205,
          1.4437272283825762,
          0.9627698269278724,
          0.9942913325546807,
          0.9613423378965076,
          0.9613961593009129,
          1.4597337275651998,
          0.9748914649969649,
          2.1971494820189097
        ],
        [
          0.961276213704194,
          0.9583729968185128,
          0.9582785218766825,
          0.9586451094991454,
          0.9585931002270395,
          0.9579695427392448,
          1.8295398780075955,
          0.9582410615595436,
          0.9582945729415554,
          0.9583242922929677,
          0.9585363190746349,
          0.9614169773142431,
          0.0,
          0.958261247938466,
          1.5795581046197031,
          0.9583876795395608,
          0.9580186343781975,
          0.9583930984971565,
          0.9583042103498889,
          0.9582912704595731,
          0.9582768877833762,
          0.9582090207621723,
          0.9599290919053926,
          0.9582580683661701,
          0.9582701539260207,
          0.957165697999971,
          0.959407252621629,
          0.9598551901827914
        ],
        [
          0.9618610707775254,
          0.9584810410924443,
          0.9583410187253811,
          0.9584907590332575,
          0.9588216335641533,
          0.9581324943596669,
          0.9576440966155646,
          0.9583236977546533,
          0.9583595039309439,
          0.9583998984181937,
          0.9582770460232778,
          0.9621216325454914,
          0.958261247938466,
          0.0,
          0.9579963793437457,
          0.9584324516910532,
          0.9581103505923532,
          0.9584387357276889,
          0.9584270325887324,
          0.9583434835730156,
          0.9583395650330452,
          0.9583029567270015,
          0.9598967667975465,
          0.9583185013063747,
          0.9583307642867545,
          0.9573463548994198,
          0.9596830855608816,
          1.4395059141288098
        ],
        [
          0.9607977301798271,
          0.9581037265499674,
          0.9579863798718177,
          0.9584670518316478,
          0.958325155712356,
          0.9577447590245276,
          2.5057878692439486,
          0.9579780057654084,
          0.9580074672397745,
          0.9580380758666291,
          0.9584982817843738,
          0.9609574191301141,
          1.5795581046197031,
          0.9579963793437457,
          0.0,
          0.9580911495190443,
          0.9577421374705309,
          0.9580912104773481,
          0.9580774641735897,
          0.9580403886272706,
          0.9579848507481112,
          0.9579555679266991,
          0.959538289364211,
          0.9579714833651983,
          0.9579773840212139,
          0.9571086272595789,
          0.9590641912481739,
          0.9594414757785693
        ],
        [
          0.9613313367165616,
          0.9585998611512033,
          0.9584655090891393,
          0.9586324398507863,
          0.9587566682281276,
          1.2329469028941893,
          0.9577976762158869,
          0.9587153050290266,
          0.9585415734535999,
          0.9585038504526419,
          0.9585205953907878,
          0.9615128115167005,
          0.9583876795395608,
          0.9584324516910532,
          0.9580911495190443,
          0.0,
          0.9582199837178178,
          0.9585759106436659,
          0.9584962799280331,
          0.9584507817638133,
          0.9584639573943661,
          0.9583779166472275,
          0.9600992625066244,
          0.9585119031441031,
          0.9584582303144953,
          1.2502512783077926,
          0.9595290158698156,
          0.9612488531850889
        ],
        [
          0.9610228137358297,
          0.9582193439719175,
          0.9581123884756956,
          0.9587663617404594,
          0.9584394728918233,
          0.9578380664278164,
          0.9575404990996602,
          0.958096508155946,
          0.958146023173174,
          0.9581620197817912,
          1.4355068821964991,
          0.9611742103629356,
          0.9580186343781975,
          0.9581103505923532,
          0.9577421374705309,
          0.9582199837178178,
          0.0,
          0.958222696083506,
          0.9581724931356381,
          0.9581483606326746,
          0.9581107988908332,
          0.9580636581106706,
          0.9607093076308828,
          0.9580958060409397,
          0.9581036047740971,
          0.9581691695968443,
          0.9592182501834158,
          0.9596576192748228
        ],
        [
          0.9614749467891702,
          0.9585440970551408,
          0.9584732471708912,
          0.9586415745423531,
          0.958766975590409,
          0.9581432354795832,
          0.9577147595906572,
          1.2376056074893147,
          0.9584842771711666,
          0.9585110699158659,
          0.9584618710260893,
          0.9616070102066353,
          0.9583930984971565,
          0.9584387357276889,
          0.9580912104773481,
          0.9585759106436659,
          0.958222696083506,
          0.0,
          0.9584512805212173,
          0.9584574081905453,
          0.9584716674755347,
          0.958383109724274,
          1.2697440849463333,
          0.9584501099569702,
          0.9584650817471491,
          0.9577040781520659,
          0.9596024676493647,
          0.9611665748962004
        ],
        [
          0.9627360043584835,
          0.9586677043069842,
          0.9583677462778243,
          0.9584978195197809,
          0.9592920904660841,
          0.9585969481388914,
          0.9578328456559079,
          0.9587064712798549,
          0.9584167596411363,
          1.3511690087814505,
          0.9583846645120951,
          0.9634046798809505,
          0.9583042103498889,
          0.9584270325887324,
          0.9580774641735897,
          0.9584962799280331,
          0.9581724931356381,
          0.9584512805212173,
          0.0,
          0.9585270084976748,
          0.9583664987871092,
          1.266975926140756,
          0.9600428932966103,
          0.9583603643306228,
          0.9583538901466044,
          1.2570370513772096,
          0.9601260185685158,
          2.625292808238585
        ],
        [
          0.9625512255717216,
          0.9585629818705238,
          0.9583680788169414,
          0.9585058665892422,
          0.9590313433576344,
          0.9582433182670793,
          0.9577149518270504,
          0.9583722345727451,
          0.9583895276300516,
          0.9584421586223211,
          0.9583111519292051,
          0.9629409827350205,
          0.9582912704595731,
          0.9583434835730156,
          0.9580403886272706,
          0.9584507817638133,
          0.9581483606326746,
          0.9584574081905453,
          0.9585270084976748,
          0.0,
          0.9583666921519894,
          0.9583594069627921,
          0.959957936786162,
          0.9583429875339333,
          0.9583553542067705,
          0.9574986156017696,
          0.9599880217785248,
          1.938588246082192
        ],
        [
          0.9622315656287894,
          0.9584441853366973,
          0.9583616611172807,
          0.9585281317654745,
          0.9586692448534611,
          0.9580560498188698,
          0.9575990054360055,
          0.9583255094251834,
          0.9583751298732017,
          0.9584037535506401,
          0.9582876049521931,
          1.4437272283825762,
          0.9582768877833762,
          0.9583395650330452,
          0.9579848507481112,
          0.9584639573943661,
          0.9581107988908332,
          0.9584716674755347,
          0.9583664987871092,
          0.9583666921519894,
          0.0,
          0.9582891113406307,
          0.9602562059415055,
          0.9583391472875926,
          0.9583526202776754,
          0.9572201112477962,
          0.9595475514023245,
          0.9614018305600157
        ],
        [
          0.962336331639477,
          0.9585069464890302,
          0.958290536863507,
          0.9584336542681343,
          0.9589792074947548,
          0.958217926153086,
          0.9576081375115899,
          0.958354136030646,
          0.9583159203219348,
          0.9584339981649184,
          0.9582398368513803,
          0.9627698269278724,
          0.9582090207621723,
          0.9583029567270015,
          0.9579555679266991,
          0.9583779166472275,
          0.9580636581106706,
          0.958383109724274,
          1.266975926140756,
          0.9583594069627921,
          0.9582891113406307,
          0.0,
          0.9599272289890641,
          0.9582671419950846,
          0.9582781327941919,
          0.9576739868955028,
          0.9598744629543526,
          1.7872848588304457
        ],
        [
          0.9898827341522322,
          0.9600649779220979,
          0.9602582742671406,
          0.9606897297692132,
          0.9690704579131049,
          0.9599436582697058,
          0.9596505320971547,
          1.4471045312036062,
          0.959975726611119,
          0.9600039010566551,
          1.4434573128103367,
          0.9942913325546807,
          0.9599290919053926,
          0.9598967667975465,
          0.959538289364211,
          0.9600992625066244,
          0.9607093076308828,
          1.2697440849463333,
          0.9600428932966103,
          0.959957936786162,
          0.9602562059415055,
          0.9599272289890641,
          0.0,
          0.959906894066457,
          0.9599787292338661,
          1.4434500469269311,
          1.010143887985908,
          1.6160671439126686
        ],
        [
          0.9612067251398971,
          0.9584221673219827,
          0.9583406965895902,
          0.9585082306857483,
          0.9586279847213652,
          0.9581777230830703,
          0.9575953792810943,
          0.9596071191333867,
          0.9583634017425164,
          0.9583832510613336,
          0.9582963251506456,
          0.9613423378965076,
          0.9582580683661701,
          0.9583185013063747,
          0.9579714833651983,
          0.9585119031441031,
          0.9580958060409397,
          0.9584501099569702,
          0.9583603643306228,
          0.9583429875339333,
          0.9583391472875926,
          0.9582671419950846,
          0.959906894066457,
          0.0,
          0.9583329464860855,
          1.4383426707493352,
          0.9594104537380126,
          0.9600484075797163
        ],
        [
          0.9612649286122836,
          0.9584357376398034,
          0.9583541983012825,
          0.9585226936649804,
          1.44165191666881,
          0.958060857804737,
          0.9575891902798809,
          0.9583105130443099,
          0.958368838119295,
          0.9583967074438496,
          0.958279199970637,
          0.9613961593009129,
          0.9582701539260207,
          0.9583307642867545,
          0.9579773840212139,
          0.9584582303144953,
          0.9581036047740971,
          0.9584650817471491,
          0.9583538901466044,
          0.9583553542067705,
          0.9583526202776754,
          0.9582781327941919,
          0.9599787292338661,
          0.9583329464860855,
          0.0,
          0.9571842239000954,
          0.9597378628748322,
          0.9619697053258831
        ],
        [
          0.9658001905095686,
          0.957970737983043,
          0.957221652318126,
          0.9608998188734884,
          0.9589700471727529,
          1.4459821039147331,
          1.4432222780352615,
          3.235203640942778,
          1.4520702718266203,
          0.958168249699378,
          2.0843714136147824,
          1.4597337275651998,
          0.957165697999971,
          0.9573463548994198,
          0.9571086272595789,
          1.2502512783077926,
          0.9581691695968443,
          0.9577040781520659,
          1.2570370513772096,
          0.9574986156017696,
          0.9572201112477962,
          0.9576739868955028,
          1.4434500469269311,
          1.4383426707493352,
          0.9571842239000954,
          0.0,
          0.960422734433945,
          4.548452697075126
        ],
        [
          0.9717435489998427,
          0.959832889426439,
          0.9595491688045398,
          0.9595879448770513,
          1.379234988928894,
          0.9600379855481058,
          0.9588404383469477,
          0.9601757088072216,
          0.9594797477348282,
          0.9596136176613123,
          0.9595368381635866,
          0.9748914649969649,
          0.959407252621629,
          0.9596830855608816,
          0.9590641912481739,
          0.9595290158698156,
          0.9592182501834158,
          0.9596024676493647,
          0.9601260185685158,
          0.9599880217785248,
          0.9595475514023245,
          0.9598744629543526,
          1.010143887985908,
          0.9594104537380126,
          0.9597378628748322,
          0.960422734433945,
          0.0,
          1.4524321262856976
        ],
        [
          1.183784847781499,
          1.5396331381909636,
          0.9614387945688627,
          0.960123777414301,
          2.271193526459549,
          2.223593076132981,
          0.9594683606048989,
          1.847376582373846,
          0.9747105999897436,
          1.1321691172779382,
          0.9914515853291186,
          2.1971494820189097,
          0.9598551901827914,
          1.4395059141288098,
          0.9594414757785693,
          0.9612488531850889,
          0.9596576192748228,
          0.9611665748962004,
          2.625292808238585,
          1.938588246082192,
          0.9614018305600157,
          1.7872848588304457,
          1.6160671439126686,
          0.9600484075797163,
          0.9619697053258831,
          4.548452697075126,
          1.4524321262856976,
          0.0
        ]
      ]
    },
    "region": {
      "alphabet": [
        "Africa",
        "China",
        "Europe",
        "Japan Korea",
        "North America",
        "Oceania",
        "South America",
        "Southeast Asia",
        "West Asia",
        "?"
      ],
      "equilibrium_probabilities": [
        0.11377642289584539,
        0.1364841193782182,
        0.0991882281668784,
        0.11468733204195403,
        0.09436541001991544,
        0.11725166171929477,
        0.09321779599159562,
        0.10520871454795108,
        0.1258203152383471
      ],
      "rate": 39.312867980984315,
      "transition_matrix": [
        [
          0.0,
          0.725425731140659,
          0.9901025745060936,
          0.9987890748803109,
          1.6555028089322905,
          0.7276984339775212,
          0.9355585025897082,
          0.7272810652340223,
          0.7276259610466378
        ],
        [
          0.725425731140659,
          0.0,
          1.4422377304739438,
          0.7244029030030557,
          0.7114118679241488,
          0.7224817350543029,
          0.7196373293290494,
          0.7226721990831646,
          2.399428648609863
        ],
        [
          0.9901025745060936,
          1.4422377304739438,
          0.0,
          1.1762431887259919,
          6.164459200390393,
          0.7190475186036159,
          1.1463709484225035,
          0.7193732916427669,
          1.990116401167666
        ],
        [
          0.9987890748803109,
          0.7244029030030557,
          1.1762431887259919,
          0.0,
          1.6133770460044705,
          1.0943349187962534,
          0.7364535571731102,
          0.7266293941962116,
          0.7265441372444718
        ],
        [
          1.6555028089322905,
          0.7114118679241488,
          6.164459200390393,
          1.6133770460044705,
          0.0,
          0.7150940301872784,
          2.745905436356966,
          1.0727132575137288,
          1.2145560277756215
        ],
        [
          0.7276984339775212,
          0.7224817350543029,
          0.7190475186036159,
          1.0943349187962534,
          0.7150940301872784,
          0.0,
          0.7218546309630917,
          0.7249347314078318,
          0.722656558850171
        ],
        [
          0.9355585025897082,
          0.7196373293290494,
          1.1463709484225035,
          0.7364535571731102,
          2.745905436356966,
          0.7218546309630917,
          0.0,
          0.7221045606225992,
          1.0835850374663878
        ],
        [
          0.7272810652340223,
          0.7226721990831646,
          0.7193732916427669,
          0.7266293941962116,
          1.0727132575137288,
          0.7249347314078318,
          0.7221045606225992,
          0.0,
          0.7228558836007161
        ],
        [
          0.7276259610466378,
          2.399428648609863,
          1.990116401167666,
          0.7265441372444718,
          1.2145560277756215,
          0.722656558850171,
          1.0835850374663878,
          0.7228558836007161,
          0.0
        ]
      ]
    }
  },
  "nodes": {
    "A/Equine/East_Sussex/1/2015|2015-11-03": {
      "country": "United Kingdom",
      "country_confidence": {
        "United Kingdom": 1.0
      },
      "country_entropy": -1.000088900581841e-12,
      "host": "Equine",
      "order": "Equine",
      "region": "Europe",
      "region_confidence": {
        "Europe": 1.0
      },
      "region_entropy": -1.000088900581841e-12,
      "subtype": "H3N8"
    },
    "A/Equine/Kent/1/15|2015-10-06": {
      "country": "United Kingdom",
      "country_confidence": {
        "United Kingdom": 1.0
      },
      "country_entropy": -1.000088900581841e-12,
      "host": "Equine",
      "order": "Equine",
      "region": "Europe",
      "region_confidence": {
        "Europe": 1.0
      },
      "region_entropy": -1.000088900581841e-12,
      "subtype": "H3N8"
    },
    "A/Equine/Sweden/SVA111206SZ0085/VIR165837/2011|2011-12-05": {
      "country": "Sweden",
      "country_confidence": {
        "Sweden": 1.0
      },
      "country_entropy": -1.000088900581841e-12,
      "host": "Equine",
      "order": "Equine",
      "region": "Europe",
      "region_confidence": {
        "Europe": 1.0
      },
      "region_entropy": -1.000088900581841e-12,
      "subtype": "H3N8"
    },
    "A/Equine/Sweden/SVA181102SZ0160/FB2421931/2018|2018-11-01": {
      "country": "Sweden",
      "country_confidence": {
        "Sweden": 1.0
      },
      "country_entropy": -1.000088900581841e-12,
      "host": "Equine",
      "order": "Equine",
      "region": "Europe",
      "region_confidence": {
        "Europe": 1.0
      },
      "region_entropy": -1.000088900581841e-12,
      "subtype": "H3N8"
    },
    "A/Equine/Sweden/SVA181105SZ0057/FB242489/DM-2018|2018-11-03": {
      "country": "Sweden",
      "country_confidence": {
        "Sweden": 1.0
      },
      "country_entropy": -1.000088900581841e-12,
      "host": "Equine",
      "order": "Equine",
      "region": "Europe",
      "region_confidence": {
        "Europe": 1.0
      },
      "region_entropy": -1.000088900581841e-12,
      "subtype": "H3N8"
    },
    "A/Equus_caballus/Arkhangai/1/2007|2007-12-21": {
      "country": "Mongolia",
      "country_confidence": {
        "Mongolia": 1.0
      },
      "country_entropy": -1.000088900581841e-12,
      "host": "Equine",
      "order": "Equine",
      "region": "West Asia",
      "region_confidence": {
        "West Asia": 1.0
      },
      "region_entropy": -1.000088900581841e-12,
      "subtype": "H3N8"
    },
    "A/Equus_caballus/Arkhangai/2/2007|2007-12-21": {
      "country": "Mongolia",
      "country_confidence": {
        "Mongolia": 1.0
      },
      "country_entropy": -1.000088900581841e-12,
      "host": "Equine",
      "order": "Equine",
      "region": "West Asia",
      "region_confidence": {
        "West Asia": 1.0
      },
      "region_entropy": -1.000088900581841e-12,
      "subtype": "H3N8"
    },
    "A/Equus_caballus/Tuv/3/2007|2007-12-08": {
      "country": "Mongolia",
      "country_confidence": {
        "Mongolia": 1.0
      },
      "country_entropy": -1.000088900581841e-12,
      "host": "Equine",
      "order": "Equine",
      "region": "West Asia",
      "region_confidence": {
        "West Asia": 1.0
      },
      "region_entropy": -1.000088900581841e-12,
      "subtype": "H3N8"
    },
    "A/Equus_caballus/Tuv/4/2007|2007-12-08": {
      "country": "Mongolia",
      "country_confidence": {
        "Mongolia": 0.9999999999999999
      },
      "country_entropy": -9.99866855976916e-13,
      "host": "Equine",
      "order": "Equine",
      "region": "West Asia",
      "region_confidence": {
        "West Asia": 1.0
      },
      "region_entropy": -1.000088900581841e-12,
      "subtype": "H3N8"
    },
    "A/Equus_caballus/Ulaanbaatar/1/2011|2011-07-05": {
      "country": "Mongolia",
      "country_confidence": {
        "Mongolia": 1.0
      },
      "country_entropy": -1.000088900581841e-12,
      "host": "Equine",
      "order": "Equine",
      "region": "West Asia",
      "region_confidence": {
        "West Asia": 1.0
      },
      "region_entropy": -1.000088900581841e-12,
      "subtype": "H3N8"
    },
    "A/Equus_caballus/Ulaanbaatar/1201/2013|2013-07-04": {
      "country": "Mongolia",
      "country_confidence": {
        "Mongolia": 1.0
      },
      "country_entropy": -1.000088900581841e-12,
      "host": "Equine",
      "order": "Equine",
      "region": "West Asia",
      "region_confidence": {
        "West Asia": 1.0
      },
      "region_entropy": -1.000088900581841e-12,
      "subtype": "H3N8"
    },
    "A/Equus_caballus/Ulaanbaatar/1202/2013|2013-07-04": {
      "country": "Mongolia",
      "country_confidence": {
        "Mongolia": 1.0
      },
      "country_entropy": -1.000088900581841e-12,
      "host": "Equine",
      "order": "Equine",
      "region": "West Asia",
      "region_confidence": {
        "West Asia": 0.9999999999999999
      },
      "region_entropy": -9.99866855976916e-13,
      "subtype": "H3N8"
    },
    "A/Equus_caballus/Ulaanbaatar/1203/2013|2013-07-04": {
      "country": "Mongolia",
      "country_confidence": {
        "Mongolia": 1.0
      },
      "country_entropy": -1.000088900581841e-12,
      "host": "Equine",
      "order": "Equine",
      "region": "West Asia",
      "region_confidence": {
        "West Asia": 0.9999999999999999
      },
      "region_entropy": -9.99866855976916e-13,
      "subtype": "H3N8"
    },
    "A/Equus_caballus/Ulaanbaatar/2/2011|2011-07-05": {
      "country": "Mongolia",
      "country_confidence": {
        "Mongolia": 0.9999999999999999
      },
      "country_entropy": -9.99866855976916e-13,
      "host": "Equine",
      "order": "Equine",
      "region": "West Asia",
      "region_confidence": {
        "West Asia": 1.0
      },
      "region_entropy": -1.000088900581841e-12,
      "subtype": "H3N8"
    },
    "A/Equus_caballus/Ulaanbaatar/3/2011|2011-07-05": {
      "country": "Mongolia",
      "country_confidence": {
        "Mongolia": 1.0
      },
      "country_entropy": -1.000088900581841e-12,
      "host": "Equine",
      "order": "Equine",
      "region": "West Asia",
      "region_confidence": {
        "West Asia": 1.0
      },
      "region_entropy": -1.000088900581841e-12,
      "subtype": "H3N8"
    },
    "A/Equus_caballus/Ulaanbaatar/4/2011|2011-07-05": {
      "country": "Mongolia",
      "country_confidence": {
        "Mongolia": 1.0
      },
      "country_entropy": -1.000088900581841e-12,
      "host": "Equine",
      "order": "Equine",
      "region": "West Asia",
      "region_confidence": {
        "West Asia": 1.0
      },
      "region_entropy": -1.000088900581841e-12,
      "subtype": "H3N8"
    },
    "A/Equus_caballus/Ulaanbaatar/5/2011|2011-07-05": {
      "country": "Mongolia",
      "country_confidence": {
        "Mongolia": 0.9999999999999999
      },
      "country_entropy": -9.99866855976916e-13,
      "host": "Equine",
      "order": "Equine",
      "region": "West Asia",
      "region_confidence": {
        "West Asia": 1.0
      },
      "region_entropy": -1.000088900581841e-12,
      "subtype": "H3N8"
    },
    "A/Equus_caballus/Ulaanbaatar/6/2011|2011-07-05": {
      "country": "Mongolia",
      "country_confidence": {
        "Mongolia": 1.0
      },
      "country_entropy": -1.000088900581841e-12,
      "host": "Equine",
      "order": "Equine",
      "region": "West Asia",
      "region_confidence": {
        "West Asia": 1.0
      },
      "region_entropy": -1.000088900581841e-12,
      "subtype": "H3N8"
    },
    "A/Equus_ferus_caballus/USA/176576/2019|2019-09-25": {
      "country": "Usa",
      "country_confidence": {
        "Usa": 1.0
      },
      "country_entropy": -1.000088900581841e-12,
      "host": "Equine",
      "order": "Equine",
      "region": "North America",
      "region_confidence": {
        "North America": 1.0
      },
      "region_entropy": -1.000088900581841e-12,
      "subtype": "H3N8"
    },
    "A/Equus_ferus_caballus/USA/218776/2018|2018-12-11": {
      "country": "Usa",
      "country_confidence": {
        "Usa": 1.0
      },
      "country_entropy": -1.000088900581841e-12,
      "host": "Equine",
      "order": "Equine",
      "region": "North America",
      "region_confidence": {
        "North America": 1.0
      },
      "region_entropy": -1.000088900581841e-12,
      "subtype": "H3N8"
    },
    "A/Equus_ferus_caballus/USA/48519/2019|2019-03-27": {
      "country": "Usa",
      "country_confidence": {
        "Usa": 1.0
      },
      "country_entropy": -1.000088900581841e-12,
      "host": "Equine",
      "order": "Equine",
      "region": "North America",
      "region_confidence": {
        "North America": 1.0
      },
      "region_entropy": -1.000088900581841e-12,
      "subtype": "H3N8"
    },
    "A/Equus_ferus_caballus/USA/51053/2019|2019-03-30": {
      "country": "Usa",
      "country_confidence": {
        "Usa": 1.0
      },
      "country_entropy": -1.000088900581841e-12,
      "host": "Equine",
      "order": "Equine",
      "region": "North America",
      "region_confidence": {
        "North America": 1.0
      },
      "region_entropy": -1.000088900581841e-12,
      "subtype": "H3N8"
    },
    "A/Equus_ferus_caballus/USA/53954/2019|2019-04-03": {
      "country": "Usa",
      "country_confidence": {
        "Usa": 1.0
      },
      "country_entropy": -1.000088900581841e-12,
      "host": "Equine",
      "order": "Equine",
      "region": "North America",
      "region_confidence": {
        "North America": 1.0
      },
      "region_entropy": -1.000088900581841e-12,
      "subtype": "H3N8"
    },
    "A/Equus_ferus_caballus/USA/72778/2019|2019-04-25": {
      "country": "Usa",
      "country_confidence": {
        "Usa": 1.0
      },
      "country_entropy": -1.000088900581841e-12,
      "host": "Equine",
      "order": "Equine",
      "region": "North America",
      "region_confidence": {
        "North America": 1.0
      },
      "region_entropy": -1.000088900581841e-12,
      "subtype": "H3N8"
    },
    "A/Equus_ferus_caballus/USA/82889/2019|2019-05-08": {
      "country": "Usa",
      "country_confidence": {
        "Usa": 1.0
      },
      "country_entropy": -1.000088900581841e-12,
      "host": "Equine",
      "order": "Equine",
      "region": "North America",
      "region_confidence": {
        "North America": 1.0
      },
      "region_entropy": -1.000088900581841e-12,
      "subtype": "H3N8"
    },
    "A/Horse/Kazakhstan/EIV_Almaty_2022/2020|2020-06-01": {
      "country": "Kazakhstan",
      "country_confidence": {
        "Kazakhstan": 1.0
      },
      "country_entropy": -1.000088900581841e-12,
      "host": "Equine",
      "order": "Equine",
      "region": "West Asia",
      "region_confidence": {
        "West Asia": 1.0
      },
      "region_entropy": -1.000088900581841e-12,
      "subtype": "H3N8"
    },
    "A/Horses/Saudi_Arabia/CVRL-Ali/2019|2019-01-22": {
      "country": "Saudi Arabia",
      "country_confidence": {
        "Saudi Arabia": 1.0
      },
      "country_entropy": -1.000088900581841e-12,
      "host": "Equine",
      "order": "Equine",
      "region": "West Asia",
      "region_confidence": {
        "West Asia": 1.0
      },
      "region_entropy": -1.000088900581841e-12,
      "subtype": "H3N8"
    },
    "A/Hosre/Saudi_Arabia/CVRL-195/2019|2019-01-22": {
      "country": "Saudi Arabia",
      "country_confidence": {
        "Saudi Arabia": 1.0
      },
      "country_entropy": -1.000088900581841e-12,
      "host": "Equine",
      "order": "Equine",
      "region": "West Asia",
      "region_confidence": {
        "West Asia": 1.0
