Map from character to field name
A:	Canada
B:	China
C:	Singapore
D:	South Korea
E:	Thailand
F:	Usa
G:	?


Substitution rate (mu): 25.13298

Equilibrium frequencies (pi_i):
  A: 0.1865
  B: 0.1657
  C: 0.1662
  D: 0.1589
  E: 0.166
  F: 0.1566

Symmetrized rates from j->i (W_ij):
	A	B	C	D	E	F
  A	0	0.7272	0.5054	0.5107	0.5055	2.4831
  B	0.7272	0	0.7392	0.9862	0.7378	6.9483
  C	0.5054	0.7392	0	0.5025	0.507	0.491
  D	0.5107	0.9862	0.5025	0	0.5026	1.8313
  E	0.5055	0.7378	0.507	0.5026	0	0.4911
  F	2.4831	6.9483	0.491	1.8313	0.4911	0

Actual rates from j->i (Q_ij):
	A	B	C	D	E	F
  A	0	0.1357	0.0943	0.0953	0.0943	0.4632
  B	0.1205	0	0.1225	0.1634	0.1222	1.1512
  C	0.084	0.1229	0	0.0835	0.0843	0.0816
  D	0.0812	0.1567	0.0799	0	0.0799	0.291
  E	0.0839	0.1225	0.0842	0.0835	0	0.0815
  F	0.3888	1.0879	0.0769	0.2867	0.0769	0
