Map from character to field name
A:	Australia
B:	Bangladesh
C:	Belgium
D:	Cambodia
E:	Canada
F:	China
G:	Czech Republic
H:	Egypt
I:	France
J:	Georgia
K:	Germany
L:	Hong Kong
M:	Hungary
N:	Iceland
O:	India
P:	Indonesia
Q:	Iran
R:	Italy
S:	Japan
T:	Kazakhstan
U:	Laos
V:	Luxembourg
W:	Malaysia
X:	Mongolia
Y:	Netherlands
Z:	New Zealand
[:	Norway
\:	Pakistan
]:	Russia
^:	South Africa
_:	South Korea
`:	Sweden
a:	Taiwan
b:	Thailand
c:	Ukraine
d:	Usa
e:	Vietnam
f:	Zambia
g:	?


Substitution rate (mu): 20.225549

Equilibrium frequencies (pi_i):
  A: 0.0281
  B: 0.0278
  C: 0.0274
  D: 0.0266
  E: 0.0281
  F: 0.0231
  G: 0.0284
  H: 0.0292
  I: 0.0287
  J: 0.0279
  K: 0.0283
  L: 0.0268
  M: 0.0287
  N: 0.0283
  O: 0.0282
  P: 0.0277
  Q: 0.0291
  R: 0.0284
  S: 0.0156
  T: 0.029
  U: 0.0295
  V: 0.0291
  W: 0.0287
  X: 0.0109
  Y: 0.0229
  Z: 0.0277
  [: 0.0297
  \: 0.0289
  ]: 0.0171
  ^: 0.0293
  _: 0.0179
  `: 0.0285
  a: 0.0251
  b: 0.0287
  c: 0.0287
  d: 0.0255
  e: 0.0169
  f: 0.0294

Symmetrized rates from j->i (W_ij):
	A	B	C	D	E	F	G	H	I	J	K	L	M	N	O	P	Q	R	S	T	U	V	W	X	Y	Z	[	\	]	^	_	`	a	b	c	d	e	f
  A	0	0.9493	0.9499	0.9511	0.9493	1.2834	0.9506	0.9504	0.951	0.9505	0.9513	0.9511	0.9504	0.9512	0.9503	0.9469	0.9503	0.9504	0.95	0.9504	0.9503	0.9504	0.9504	0.9471	0.9446	1.1233	0.9505	0.9511	0.9455	0.9505	0.9484	0.9513	0.9513	0.9502	0.9504	0.9461	0.9468	0.9498
  B	0.9493	0	0.951	0.9517	0.9503	0.9266	0.9517	1.241	0.952	0.9517	0.9534	0.9516	0.9515	0.9521	0.9514	0.9474	0.9514	0.9514	0.9489	0.9698	0.9514	0.9515	0.9514	4.0929	0.9509	0.9524	0.9516	0.9532	3.1139	0.9516	0.9447	0.9534	0.9513	0.9514	0.9515	0.9465	0.9446	0.9509
  C	0.9499	0.951	0	0.9521	0.9509	0.9512	0.9575	0.9521	0.9546	1.3962	0.9542	0.952	0.952	0.954	0.9641	0.948	0.9518	0.9519	0.9491	0.952	0.9519	0.952	0.9522	0.9458	3.2723	0.9529	0.9524	0.9536	2.7916	0.9526	0.9463	0.9539	0.9515	0.9518	0.952	0.9469	0.945	0.9521
  D	0.9511	0.9517	0.9521	0	0.9517	1.4045	0.9529	0.9528	0.9534	0.9528	0.9537	0.9528	0.9528	0.9535	0.9526	0.9489	0.9526	0.9527	0.9512	0.9528	0.9528	0.9528	0.9528	1.2086	0.9465	0.9541	0.9529	0.9535	1.1167	0.9529	0.9459	0.9537	0.9821	0.9526	0.9528	0.9473	0.9454	0.9522
  E	0.9493	0.9503	0.9509	0.9517	0	0.9246	0.9517	0.9516	0.952	0.9516	0.9536	0.9517	0.9516	0.9522	0.9514	0.9475	0.9514	0.9515	0.9487	0.9516	0.9515	0.9516	0.9516	0.9442	0.9452	0.9525	0.9517	0.9527	0.9445	0.9517	0.9447	0.9534	0.951	0.9514	0.9516	3.3362	0.9443	0.951
  F	1.2834	0.9266	0.9512	1.4045	0.9246	0	0.927	0.9243	0.9837	0.9269	0.9457	1.3897	0.9251	1.0007	0.9379	1.3746	0.924	0.9263	3.9124	0.9247	0.9237	0.9241	0.9251	7.6006	1.4549	1.2225	0.9238	0.9538	3.4757	0.9244	5.0293	0.9502	2.0089	0.9244	0.9251	2.2702	5.8827	0.9241
  G	0.9506	0.9517	0.9575	0.9529	0.9517	0.927	0	0.953	0.9543	1.2832	0.9627	0.9529	0.953	0.9542	0.9527	0.9487	0.9528	0.9532	0.9494	0.9529	0.9529	0.9529	0.953	0.9448	2.1655	0.9538	1.1169	0.9541	0.9861	0.9533	0.9459	0.9544	0.9522	0.9527	0.953	0.9471	0.9449	0.9527
  H	0.9504	1.241	0.9521	0.9528	0.9516	0.9243	0.953	0	0.9533	0.9529	0.9538	0.9528	0.9528	0.9534	0.9526	0.9485	0.9527	0.9527	0.9493	0.9529	0.9528	0.9529	0.9528	0.9529	0.9504	0.9537	0.953	0.9535	1.7341	0.953	0.945	0.9537	0.9522	0.9526	0.9528	0.9465	0.9446	0.9522
  I	0.951	0.952	0.9546	0.9534	0.952	0.9837	0.9543	0.9533	0	0.954	0.9546	0.9533	0.9536	0.9614	0.953	0.9491	0.953	0.9539	0.9506	0.9532	0.9532	0.9532	0.9535	0.9465	1.2908	0.9542	0.9534	0.9542	0.9519	0.9535	0.9766	0.9547	0.9531	0.953	0.9536	0.9481	0.9467	0.9531
  J	0.9505	0.9517	1.3962	0.9528	0.9516	0.9269	1.2832	0.9529	0.954	0	0.9621	0.9528	0.9529	0.9539	0.9526	0.9486	0.9527	0.9528	0.9494	0.9528	0.9528	0.9528	0.9528	0.945	1.7687	0.9536	1.2708	0.9539	1.8534	0.9531	0.9458	0.9541	0.9521	0.9526	0.9529	0.9471	0.945	0.9526
  K	0.9513	0.9534	0.9542	0.9537	0.9536	0.9457	0.9627	0.9538	0.9546	0.9621	0	0.9536	0.9539	0.9547	0.9536	0.9494	0.9535	0.954	0.9507	0.9537	0.9536	0.9537	0.9538	1.01	1.5095	0.9545	0.9562	1.0451	1.0339	0.9539	0.9468	1.1772	0.9535	0.9537	0.9539	1.3353	0.9462	0.9534
  L	0.9511	0.9516	0.952	0.9528	0.9517	1.3897	0.9529	0.9528	0.9533	0.9528	0.9536	0	0.9528	0.9535	0.9526	0.9489	0.9526	0.9527	0.9495	0.9528	0.9528	0.9528	0.9528	0.9446	0.9462	0.9541	0.9529	0.9534	0.9455	0.9529	0.9458	0.9536	0.9521	0.9526	0.9528	0.947	0.9453	0.9522
  M	0.9504	0.9515	0.952	0.9528	0.9516	0.9251	0.953	0.9528	0.9536	0.9529	0.9539	0.9528	0	0.9536	0.9525	0.9485	0.9526	0.9527	0.9492	0.9528	0.9528	0.9528	0.9528	0.9442	1.4172	0.9536	0.953	0.9536	0.9456	0.953	0.9453	0.9538	0.952	0.9526	0.9528	0.9466	0.9447	0.9524
  N	0.9512	0.9521	0.954	0.9535	0.9522	1.0007	0.9542	0.9534	0.9614	0.9539	0.9547	0.9535	0.9536	0	0.9532	0.9493	0.9532	0.9538	0.9504	0.9534	0.9534	0.9534	0.9536	0.9463	1.4134	0.9544	0.9536	0.9543	0.9504	0.9537	0.9532	0.9548	0.9531	0.9532	0.9536	0.9489	0.9467	0.9532
  O	0.9503	0.9514	0.9641	0.9526	0.9514	0.9379	0.9527	0.9526	0.953	0.9526	0.9536	0.9526	0.9525	0.9532	0	0.9484	0.9524	0.9524	0.9493	0.9526	0.9525	0.9526	0.9525	1.4165	0.9457	0.9535	0.9527	0.9533	1.9471	0.9527	0.9451	0.9535	0.9519	0.9523	0.9525	0.9466	1.4173	0.952
  P	0.9469	0.9474	0.948	0.9489	0.9475	1.3746	0.9487	0.9485	0.9491	0.9486	0.9494	0.9489	0.9485	0.9493	0.9484	0	0.9483	0.9485	0.9475	0.9485	0.9484	0.9485	0.9485	0.9464	0.9427	0.95	0.9485	0.9491	0.9431	0.9486	0.9439	0.9494	0.9486	0.9483	0.9485	0.9434	0.9435	0.9478
  Q	0.9503	0.9514	0.9518	0.9526	0.9514	0.924	0.9528	0.9527	0.953	0.9527	0.9535	0.9526	0.9526	0.9532	0.9524	0.9483	0	0.9525	0.9491	0.9526	0.9526	0.9526	0.9526	0.9438	0.945	0.9535	0.9528	0.9533	1.4171	0.9528	0.9448	0.9535	0.9519	0.9524	0.9526	0.9463	0.9445	0.952
  R	0.9504	0.9514	0.9519	0.9527	0.9515	0.9263	0.9532	0.9527	0.9539	0.9528	0.954	0.9527	0.9527	0.9538	0.9524	0.9485	0.9525	0	0.9492	0.9527	0.9527	0.9527	0.9527	0.9445	1.892	0.9535	0.9529	0.9537	0.9452	0.953	0.9456	0.9539	0.952	0.9525	0.9527	0.9468	0.9448	0.9524
  S	0.95	0.9489	0.9491	0.9512	0.9487	3.9124	0.9494	0.9493	0.9506	0.9494	0.9507	0.9495	0.9492	0.9504	0.9493	0.9475	0.9491	0.9492	0	0.9492	1.425	0.9492	0.9492	1.4208	0.9506	0.9517	0.9492	0.9502	3.158	0.9492	2.1981	0.9506	3.4392	0.9491	0.9492	2.9907	3.7655	0.9488
  T	0.9504	0.9698	0.952	0.9528	0.9516	0.9247	0.9529	0.9529	0.9532	0.9528	0.9537	0.9528	0.9528	0.9534	0.9526	0.9485	0.9526	0.9527	0.9492	0	0.9527	0.9528	0.9528	1.1376	0.9454	0.9536	0.9529	0.9535	1.2139	0.9529	0.945	0.9537	0.9521	0.9526	0.9528	0.9465	0.9447	0.9522
  U	0.9503	0.9514	0.9519	0.9528	0.9515	0.9237	0.9529	0.9528	0.9532	0.9528	0.9536	0.9528	0.9528	0.9534	0.9525	0.9484	0.9526	0.9527	1.425	0.9527	0	0.9528	0.9527	0.9437	0.9449	0.9536	0.9529	0.9534	0.9447	0.9529	0.9448	0.9536	0.9521	0.9525	0.9527	0.9463	0.9445	0.9521
  V	0.9504	0.9515	0.952	0.9528	0.9516	0.9241	0.9529	0.9529	0.9532	0.9528	0.9537	0.9528	0.9528	0.9534	0.9526	0.9485	0.9526	0.9527	0.9492	0.9528	0.9528	0	0.9528	0.9439	0.9452	0.9537	0.9529	0.9534	1.4173	0.9529	0.945	0.9536	0.952	0.9526	0.9528	0.9464	0.9446	0.9522
  W	0.9504	0.9514	0.9522	0.9528	0.9516	0.9251	0.953	0.9528	0.9535	0.9528	0.9538	0.9528	0.9528	0.9536	0.9525	0.9485	0.9526	0.9527	0.9492	0.9528	0.9527	0.9528	0	0.9442	1.418	0.9536	0.9529	0.9536	0.945	0.953	0.9453	0.9538	0.952	0.9526	0.9528	0.9466	0.9447	0.9523
  X	0.9471	4.0929	0.9458	1.2086	0.9442	7.6006	0.9448	0.9529	0.9465	0.945	1.01	0.9446	0.9442	0.9463	1.4165	0.9464	0.9438	0.9445	1.4208	1.1376	0.9437	0.9439	0.9442	0	1.2856	0.9481	0.9438	1.0443	8.2643	0.944	2.1848	1.0254	1.3397	1.8876	0.9442	1.4352	2.8347	0.9438
  Y	0.9446	0.9509	3.2723	0.9465	0.9452	1.4549	2.1655	0.9504	1.2908	1.7687	1.5095	0.9462	1.4172	1.4134	0.9457	0.9427	0.945	1.892	0.9506	0.9454	0.9449	0.9452	1.418	1.2856	0	0.9471	1.0445	1.1655	6.7108	1.1835	1.3175	1.6227	0.9487	0.9454	1.4179	1.0131	1.0583	1.3852
  Z	1.1233	0.9524	0.9529	0.9541	0.9525	1.2225	0.9538	0.9537	0.9542	0.9536	0.9545	0.9541	0.9536	0.9544	0.9535	0.95	0.9535	0.9535	0.9517	0.9536	0.9536	0.9537	0.9536	0.9481	0.9471	0	0.9538	0.9543	0.9474	0.9538	0.9499	0.9545	0.954	0.9535	0.9536	0.949	0.9487	0.9531
  [	0.9505	0.9516	0.9524	0.9529	0.9517	0.9238	1.1169	0.953	0.9534	1.2708	0.9562	0.9529	0.953	0.9536	0.9527	0.9485	0.9528	0.9529	0.9492	0.9529	0.9529	0.9529	0.9529	0.9438	1.0445	0.9538	0	0.9536	0.9497	0.9531	0.9449	0.9539	0.9521	0.9527	0.953	0.9465	0.9445	0.9524
  \	0.9511	0.9532	0.9536	0.9535	0.9527	0.9538	0.9541	0.9535	0.9542	0.9539	1.0451	0.9534	0.9536	0.9543	0.9533	0.9491	0.9533	0.9537	0.9502	0.9535	0.9534	0.9534	0.9536	1.0443	1.1655	0.9543	0.9536	0	0.9573	0.9536	0.9465	1.065	0.9531	0.9535	0.9536	0.9861	0.946	0.9531
  ]	0.9455	3.1139	2.7916	1.1167	0.9445	3.4757	0.9861	1.7341	0.9519	1.8534	1.0339	0.9455	0.9456	0.9504	1.9471	0.9431	1.4171	0.9452	3.158	1.2139	0.9447	1.4173	0.945	8.2643	6.7108	0.9474	0.9497	0.9573	0	0.9457	0.9492	0.9555	2.8651	0.945	0.945	2.2266	1.2782	0.9456
  ^	0.9505	0.9516	0.9526	0.9529	0.9517	0.9244	0.9533	0.953	0.9535	0.9531	0.9539	0.9529	0.953	0.9537	0.9527	0.9486	0.9528	0.953	0.9492	0.9529	0.9529	0.9529	0.953	0.944	1.1835	0.9538	0.9531	0.9536	0.9457	0	0.945	0.9539	0.9521	0.9527	0.953	0.9465	0.9446	1.5517
  _	0.9484	0.9447	0.9463	0.9459	0.9447	5.0293	0.9459	0.945	0.9766	0.9458	0.9468	0.9458	0.9453	0.9532	0.9451	0.9439	0.9448	0.9456	2.1981	0.945	0.9448	0.945	0.9453	2.1848	1.3175	0.9499	0.9449	0.9465	0.9492	0.945	0	0.9469	1.5964	0.9449	0.9453	1.1534	0.9668	0.9448
  `	0.9513	0.9534	0.9539	0.9537	0.9534	0.9502	0.9544	0.9537	0.9547	0.9541	1.1772	0.9536	0.9538	0.9548	0.9535	0.9494	0.9535	0.9539	0.9506	0.9537	0.9536	0.9536	0.9538	1.0254	1.6227	0.9545	0.9539	1.065	0.9555	0.9539	0.9469	0	0.9534	0.9537	0.9538	1.051	0.9462	0.9534
  a	0.9513	0.9513	0.9515	0.9821	0.951	2.0089	0.9522	0.9522	0.9531	0.9521	0.9535	0.9521	0.952	0.9531	0.9519	0.9486	0.9519	0.952	3.4392	0.9521	0.9521	0.952	0.952	1.3397	0.9487	0.954	0.9521	0.9531	2.8651	0.9521	1.5964	0.9534	0	0.9518	0.952	1.4788	1.1278	0.9515
  b	0.9502	0.9514	0.9518	0.9526	0.9514	0.9244	0.9527	0.9526	0.953	0.9526	0.9537	0.9526	0.9526	0.9532	0.9523	0.9483	0.9524	0.9525	0.9491	0.9526	0.9525	0.9526	0.9526	1.8876	0.9454	0.9535	0.9527	0.9535	0.945	0.9527	0.9449	0.9537	0.9518	0	0.9526	0.9465	0.9446	0.952
  c	0.9504	0.9515	0.952	0.9528	0.9516	0.9251	0.953	0.9528	0.9536	0.9529	0.9539	0.9528	0.9528	0.9536	0.9525	0.9485	0.9526	0.9527	0.9492	0.9528	0.9527	0.9528	0.9528	0.9442	1.4179	0.9536	0.953	0.9536	0.945	0.953	0.9453	0.9538	0.952	0.9526	0	0.9466	0.9447	0.9523
  d	0.9461	0.9465	0.9469	0.9473	3.3362	2.2702	0.9471	0.9465	0.9481	0.9471	1.3353	0.947	0.9466	0.9489	0.9466	0.9434	0.9463	0.9468	2.9907	0.9465	0.9463	0.9464	0.9466	1.4352	1.0131	0.949	0.9465	0.9861	2.2266	0.9465	1.1534	1.051	1.4788	0.9465	0.9466	0	0.9851	0.946
  e	0.9468	0.9446	0.945	0.9454	0.9443	5.8827	0.9449	0.9446	0.9467	0.945	0.9462	0.9453	0.9447	0.9467	1.4173	0.9435	0.9445	0.9448	3.7655	0.9447	0.9445	0.9446	0.9447	2.8347	1.0583	0.9487	0.9445	0.946	1.2782	0.9446	0.9668	0.9462	1.1278	0.9446	0.9447	0.9851	0	0.9442
  f	0.9498	0.9509	0.9521	0.9522	0.951	0.9241	0.9527	0.9522	0.9531	0.9526	0.9534	0.9522	0.9524	0.9532	0.952	0.9478	0.952	0.9524	0.9488	0.9522	0.9521	0.9522	0.9523	0.9438	1.3852	0.9531	0.9524	0.9531	0.9456	1.5517	0.9448	0.9534	0.9515	0.952	0.9523	0.946	0.9442	0

Actual rates from j->i (Q_ij):
	A	B	C	D	E	F	G	H	I	J	K	L	M	N	O	P	Q	R	S	T	U	V	W	X	Y	Z	[	\	]	^	_	`	a	b	c	d	e	f
  A	0	0.0267	0.0267	0.0267	0.0267	0.036	0.0267	0.0267	0.0267	0.0267	0.0267	0.0267	0.0267	0.0267	0.0267	0.0266	0.0267	0.0267	0.0267	0.0267	0.0267	0.0267	0.0267	0.0266	0.0265	0.0315	0.0267	0.0267	0.0266	0.0267	0.0266	0.0267	0.0267	0.0267	0.0267	0.0266	0.0266	0.0267
  B	0.0263	0	0.0264	0.0264	0.0264	0.0257	0.0264	0.0344	0.0264	0.0264	0.0265	0.0264	0.0264	0.0264	0.0264	0.0263	0.0264	0.0264	0.0263	0.0269	0.0264	0.0264	0.0264	0.1136	0.0264	0.0264	0.0264	0.0265	0.0864	0.0264	0.0262	0.0265	0.0264	0.0264	0.0264	0.0263	0.0262	0.0264
  C	0.026	0.026	0	0.0261	0.026	0.026	0.0262	0.0261	0.0261	0.0382	0.0261	0.0261	0.0261	0.0261	0.0264	0.026	0.0261	0.0261	0.026	0.0261	0.0261	0.0261	0.0261	0.0259	0.0896	0.0261	0.0261	0.0261	0.0764	0.0261	0.0259	0.0261	0.0261	0.0261	0.0261	0.0259	0.0259	0.0261
  D	0.0253	0.0253	0.0254	0	0.0253	0.0374	0.0254	0.0254	0.0254	0.0254	0.0254	0.0254	0.0254	0.0254	0.0254	0.0253	0.0254	0.0254	0.0253	0.0254	0.0254	0.0254	0.0254	0.0322	0.0252	0.0254	0.0254	0.0254	0.0297	0.0254	0.0252	0.0254	0.0262	0.0254	0.0254	0.0252	0.0252	0.0254
  E	0.0267	0.0268	0.0268	0.0268	0	0.026	0.0268	0.0268	0.0268	0.0268	0.0268	0.0268	0.0268	0.0268	0.0268	0.0267	0.0268	0.0268	0.0267	0.0268	0.0268	0.0268	0.0268	0.0266	0.0266	0.0268	0.0268	0.0268	0.0266	0.0268	0.0266	0.0268	0.0268	0.0268	0.0268	0.0939	0.0266	0.0268
  F	0.0296	0.0214	0.0219	0.0324	0.0213	0	0.0214	0.0213	0.0227	0.0214	0.0218	0.0321	0.0213	0.0231	0.0216	0.0317	0.0213	0.0214	0.0902	0.0213	0.0213	0.0213	0.0213	0.1753	0.0336	0.0282	0.0213	0.022	0.0802	0.0213	0.116	0.0219	0.0463	0.0213	0.0213	0.0524	0.1357	0.0213
  G	0.027	0.027	0.0272	0.0271	0.027	0.0263	0	0.0271	0.0271	0.0364	0.0273	0.0271	0.0271	0.0271	0.0271	0.0269	0.0271	0.0271	0.027	0.0271	0.0271	0.0271	0.0271	0.0268	0.0615	0.0271	0.0317	0.0271	0.028	0.0271	0.0269	0.0271	0.027	0.0271	0.0271	0.0269	0.0268	0.0271
  H	0.0277	0.0362	0.0278	0.0278	0.0278	0.027	0.0278	0	0.0278	0.0278	0.0278	0.0278	0.0278	0.0278	0.0278	0.0277	0.0278	0.0278	0.0277	0.0278	0.0278	0.0278	0.0278	0.0278	0.0277	0.0278	0.0278	0.0278	0.0506	0.0278	0.0276	0.0278	0.0278	0.0278	0.0278	0.0276	0.0275	0.0278
  I	0.0273	0.0273	0.0274	0.0273	0.0273	0.0282	0.0274	0.0273	0	0.0273	0.0274	0.0273	0.0273	0.0276	0.0273	0.0272	0.0273	0.0273	0.0272	0.0273	0.0273	0.0273	0.0273	0.0271	0.037	0.0273	0.0273	0.0273	0.0273	0.0273	0.028	0.0274	0.0273	0.0273	0.0273	0.0272	0.0271	0.0273
  J	0.0265	0.0266	0.039	0.0266	0.0266	0.0259	0.0358	0.0266	0.0266	0	0.0269	0.0266	0.0266	0.0266	0.0266	0.0265	0.0266	0.0266	0.0265	0.0266	0.0266	0.0266	0.0266	0.0264	0.0494	0.0266	0.0355	0.0266	0.0517	0.0266	0.0264	0.0266	0.0266	0.0266	0.0266	0.0264	0.0264	0.0266
  K	0.027	0.027	0.027	0.027	0.027	0.0268	0.0273	0.027	0.0271	0.0273	0	0.027	0.027	0.0271	0.027	0.0269	0.027	0.027	0.0269	0.027	0.027	0.027	0.027	0.0286	0.0428	0.0271	0.0271	0.0296	0.0293	0.027	0.0268	0.0334	0.027	0.027	0.027	0.0379	0.0268	0.027
  L	0.0254	0.0255	0.0255	0.0255	0.0255	0.0372	0.0255	0.0255	0.0255	0.0255	0.0255	0	0.0255	0.0255	0.0255	0.0254	0.0255	0.0255	0.0254	0.0255	0.0255	0.0255	0.0255	0.0253	0.0253	0.0255	0.0255	0.0255	0.0253	0.0255	0.0253	0.0255	0.0255	0.0255	0.0255	0.0253	0.0253	0.0255
  M	0.0273	0.0273	0.0274	0.0274	0.0273	0.0266	0.0274	0.0274	0.0274	0.0274	0.0274	0.0274	0	0.0274	0.0274	0.0273	0.0274	0.0274	0.0273	0.0274	0.0274	0.0274	0.0274	0.0271	0.0407	0.0274	0.0274	0.0274	0.0272	0.0274	0.0272	0.0274	0.0274	0.0274	0.0274	0.0272	0.0271	0.0274
  N	0.0269	0.0269	0.027	0.0269	0.0269	0.0283	0.027	0.0269	0.0272	0.0269	0.027	0.0269	0.0269	0	0.0269	0.0268	0.0269	0.0269	0.0269	0.0269	0.0269	0.0269	0.0269	0.0267	0.0399	0.027	0.0269	0.027	0.0269	0.0269	0.0269	0.027	0.0269	0.0269	0.0269	0.0268	0.0267	0.0269
  O	0.0268	0.0268	0.0272	0.0268	0.0268	0.0264	0.0268	0.0268	0.0269	0.0268	0.0269	0.0268	0.0268	0.0269	0	0.0267	0.0268	0.0268	0.0267	0.0268	0.0268	0.0268	0.0268	0.0399	0.0266	0.0269	0.0268	0.0269	0.0549	0.0268	0.0266	0.0269	0.0268	0.0268	0.0268	0.0267	0.0399	0.0268
  P	0.0262	0.0262	0.0263	0.0263	0.0262	0.0381	0.0263	0.0263	0.0263	0.0263	0.0263	0.0263	0.0263	0.0263	0.0263	0	0.0263	0.0263	0.0262	0.0263	0.0263	0.0263	0.0263	0.0262	0.0261	0.0263	0.0263	0.0263	0.0261	0.0263	0.0261	0.0263	0.0263	0.0263	0.0263	0.0261	0.0261	0.0262
  Q	0.0276	0.0277	0.0277	0.0277	0.0277	0.0269	0.0277	0.0277	0.0277	0.0277	0.0277	0.0277	0.0277	0.0277	0.0277	0.0276	0	0.0277	0.0276	0.0277	0.0277	0.0277	0.0277	0.0275	0.0275	0.0277	0.0277	0.0277	0.0412	0.0277	0.0275	0.0277	0.0277	0.0277	0.0277	0.0275	0.0275	0.0277
  R	0.027	0.027	0.027	0.027	0.027	0.0263	0.027	0.027	0.0271	0.027	0.0271	0.027	0.027	0.0271	0.027	0.0269	0.027	0	0.0269	0.027	0.027	0.027	0.027	0.0268	0.0537	0.027	0.027	0.0271	0.0268	0.027	0.0268	0.0271	0.027	0.027	0.027	0.0269	0.0268	0.027
  S	0.0149	0.0148	0.0148	0.0149	0.0148	0.0612	0.0148	0.0148	0.0149	0.0148	0.0149	0.0148	0.0148	0.0149	0.0148	0.0148	0.0148	0.0148	0	0.0148	0.0223	0.0148	0.0148	0.0222	0.0149	0.0149	0.0148	0.0149	0.0494	0.0148	0.0344	0.0149	0.0538	0.0148	0.0148	0.0468	0.0589	0.0148
  T	0.0276	0.0281	0.0276	0.0276	0.0276	0.0268	0.0276	0.0276	0.0277	0.0276	0.0277	0.0276	0.0276	0.0277	0.0276	0.0275	0.0276	0.0276	0.0275	0	0.0276	0.0276	0.0276	0.033	0.0274	0.0277	0.0276	0.0277	0.0352	0.0276	0.0274	0.0277	0.0276	0.0276	0.0276	0.0275	0.0274	0.0276
  U	0.0281	0.0281	0.0281	0.0281	0.0281	0.0273	0.0281	0.0281	0.0281	0.0281	0.0282	0.0281	0.0281	0.0282	0.0281	0.028	0.0281	0.0281	0.0421	0.0281	0	0.0281	0.0281	0.0279	0.0279	0.0282	0.0281	0.0282	0.0279	0.0281	0.0279	0.0282	0.0281	0.0281	0.0281	0.0279	0.0279	0.0281
  V	0.0276	0.0276	0.0277	0.0277	0.0276	0.0268	0.0277	0.0277	0.0277	0.0277	0.0277	0.0277	0.0277	0.0277	0.0277	0.0276	0.0277	0.0277	0.0276	0.0277	0.0277	0	0.0277	0.0274	0.0275	0.0277	0.0277	0.0277	0.0412	0.0277	0.0275	0.0277	0.0277	0.0277	0.0277	0.0275	0.0274	0.0277
  W	0.0273	0.0273	0.0274	0.0274	0.0273	0.0266	0.0274	0.0274	0.0274	0.0274	0.0274	0.0274	0.0274	0.0274	0.0274	0.0273	0.0274	0.0274	0.0273	0.0274	0.0274	0.0274	0	0.0271	0.0407	0.0274	0.0274	0.0274	0.0272	0.0274	0.0272	0.0274	0.0274	0.0274	0.0274	0.0272	0.0271	0.0274
  X	0.0104	0.0447	0.0103	0.0132	0.0103	0.0831	0.0103	0.0104	0.0103	0.0103	0.011	0.0103	0.0103	0.0103	0.0155	0.0103	0.0103	0.0103	0.0155	0.0124	0.0103	0.0103	0.0103	0	0.014	0.0104	0.0103	0.0114	0.0903	0.0103	0.0239	0.0112	0.0146	0.0206	0.0103	0.0157	0.031	0.0103
  Y	0.0217	0.0218	0.0751	0.0217	0.0217	0.0334	0.0497	0.0218	0.0296	0.0406	0.0346	0.0217	0.0325	0.0324	0.0217	0.0216	0.0217	0.0434	0.0218	0.0217	0.0217	0.0217	0.0325	0.0295	0	0.0217	0.024	0.0267	0.154	0.0272	0.0302	0.0372	0.0218	0.0217	0.0325	0.0232	0.0243	0.0318
  Z	0.0311	0.0264	0.0264	0.0265	0.0264	0.0339	0.0264	0.0264	0.0265	0.0264	0.0265	0.0265	0.0264	0.0265	0.0264	0.0263	0.0264	0.0264	0.0264	0.0264	0.0264	0.0264	0.0264	0.0263	0.0263	0	0.0264	0.0265	0.0263	0.0264	0.0263	0.0265	0.0265	0.0264	0.0264	0.0263	0.0263	0.0264
  [	0.0282	0.0282	0.0282	0.0283	0.0282	0.0274	0.0331	0.0283	0.0283	0.0377	0.0284	0.0283	0.0283	0.0283	0.0283	0.0281	0.0283	0.0283	0.0282	0.0283	0.0283	0.0283	0.0283	0.028	0.031	0.0283	0	0.0283	0.0282	0.0283	0.028	0.0283	0.0282	0.0283	0.0283	0.0281	0.028	0.0282
  \	0.0275	0.0275	0.0275	0.0275	0.0275	0.0275	0.0276	0.0275	0.0276	0.0275	0.0302	0.0275	0.0275	0.0276	0.0275	0.0274	0.0275	0.0275	0.0274	0.0275	0.0275	0.0275	0.0275	0.0302	0.0337	0.0276	0.0275	0	0.0276	0.0275	0.0273	0.0308	0.0275	0.0275	0.0275	0.0285	0.0273	0.0275
  ]	0.0162	0.0533	0.0478	0.0191	0.0162	0.0595	0.0169	0.0297	0.0163	0.0317	0.0177	0.0162	0.0162	0.0163	0.0334	0.0162	0.0243	0.0162	0.0541	0.0208	0.0162	0.0243	0.0162	0.1416	0.115	0.0162	0.0163	0.0164	0	0.0162	0.0163	0.0164	0.0491	0.0162	0.0162	0.0381	0.0219	0.0162
  ^	0.0279	0.0279	0.0279	0.028	0.0279	0.0271	0.028	0.028	0.028	0.028	0.028	0.028	0.028	0.028	0.0279	0.0278	0.0279	0.028	0.0278	0.028	0.028	0.028	0.028	0.0277	0.0347	0.028	0.028	0.028	0.0277	0	0.0277	0.028	0.0279	0.0279	0.028	0.0278	0.0277	0.0455
  _	0.017	0.0169	0.017	0.017	0.0169	0.0901	0.017	0.0169	0.0175	0.0169	0.017	0.017	0.0169	0.0171	0.0169	0.0169	0.0169	0.0169	0.0394	0.0169	0.0169	0.0169	0.0169	0.0392	0.0236	0.017	0.0169	0.017	0.017	0.0169	0	0.017	0.0286	0.0169	0.0169	0.0207	0.0173	0.0169
  `	0.0271	0.0272	0.0272	0.0272	0.0272	0.0271	0.0272	0.0272	0.0272	0.0272	0.0336	0.0272	0.0272	0.0272	0.0272	0.0271	0.0272	0.0272	0.0271	0.0272	0.0272	0.0272	0.0272	0.0293	0.0463	0.0272	0.0272	0.0304	0.0273	0.0272	0.027	0	0.0272	0.0272	0.0272	0.03	0.027	0.0272
  a	0.0239	0.0239	0.0239	0.0246	0.0239	0.0504	0.0239	0.0239	0.0239	0.0239	0.0239	0.0239	0.0239	0.0239	0.0239	0.0238	0.0239	0.0239	0.0863	0.0239	0.0239	0.0239	0.0239	0.0336	0.0238	0.0239	0.0239	0.0239	0.0719	0.0239	0.04	0.0239	0	0.0239	0.0239	0.0371	0.0283	0.0239
  b	0.0273	0.0273	0.0273	0.0274	0.0273	0.0266	0.0274	0.0274	0.0274	0.0274	0.0274	0.0274	0.0274	0.0274	0.0274	0.0272	0.0274	0.0274	0.0273	0.0274	0.0274	0.0274	0.0274	0.0542	0.0272	0.0274	0.0274	0.0274	0.0271	0.0274	0.0271	0.0274	0.0273	0	0.0274	0.0272	0.0271	0.0273
  c	0.0273	0.0273	0.0273	0.0274	0.0273	0.0266	0.0274	0.0274	0.0274	0.0274	0.0274	0.0274	0.0274	0.0274	0.0274	0.0272	0.0274	0.0274	0.0273	0.0274	0.0274	0.0274	0.0274	0.0271	0.0407	0.0274	0.0274	0.0274	0.0271	0.0274	0.0272	0.0274	0.0274	0.0274	0	0.0272	0.0271	0.0274
  d	0.0241	0.0241	0.0241	0.0241	0.085	0.0578	0.0241	0.0241	0.0241	0.0241	0.034	0.0241	0.0241	0.0242	0.0241	0.024	0.0241	0.0241	0.0762	0.0241	0.0241	0.0241	0.0241	0.0366	0.0258	0.0242	0.0241	0.0251	0.0567	0.0241	0.0294	0.0268	0.0377	0.0241	0.0241	0	0.0251	0.0241
  e	0.016	0.016	0.016	0.016	0.016	0.0997	0.016	0.016	0.016	0.016	0.016	0.016	0.016	0.016	0.024	0.016	0.016	0.016	0.0638	0.016	0.016	0.016	0.016	0.048	0.0179	0.0161	0.016	0.016	0.0217	0.016	0.0164	0.016	0.0191	0.016	0.016	0.0167	0	0.016
  f	0.028	0.028	0.028	0.028	0.028	0.0272	0.028	0.028	0.0281	0.028	0.0281	0.028	0.028	0.0281	0.028	0.0279	0.028	0.028	0.0279	0.028	0.028	0.028	0.028	0.0278	0.0408	0.0281	0.028	0.0281	0.0278	0.0457	0.0278	0.0281	0.028	0.028	0.028	0.0278	0.0278	0
