Map from character to field name
A:	Algeria
B:	Argentina
C:	Australia
D:	Austria
E:	Bangladesh
F:	Belgium
G:	Brazil
H:	Cambodia
I:	Canada
J:	Chad
K:	Chile
L:	China
M:	Czech Republic
N:	Denmark
O:	Egypt
P:	France
Q:	Georgia
R:	Germany
S:	Guam
T:	Guatemala
U:	Hong Kong
V:	Hungary
W:	Iceland
X:	India
Y:	Indonesia
Z:	Iran
[:	Ireland
\:	Italy
]:	Japan
^:	Kazakhstan
_:	Kuwait
`:	Laos
a:	Luxembourg
b:	Malaysia
c:	Mexico
d:	Mongolia
e:	Netherlands
f:	New Zealand
g:	Nicaragua
h:	Nigeria
i:	Norway
j:	Pakistan
k:	Peru
l:	Philippines
m:	Poland
n:	Romania
o:	Russia
p:	Saudi Arabia
q:	Singapore
r:	South Africa
s:	South Korea
t:	Spain
u:	Sri Lanka
v:	Sweden
w:	Switzerland
x:	Taiwan
y:	Thailand
z:	Turkey
{:	Ukraine
|:	United Arab Emirates
}:	United Kingdom
~:	Uruguay
:	Usa
:	Vietnam
:	Zambia
:	?


Substitution rate (mu): 17.175028

Equilibrium frequencies (pi_i):
  A: 0.0183
  B: 0.0157
  C: 0.0083
  D: 0.0187
  E: 0.0202
  F: 0.018
  G: 0.0078
  H: 0.0186
  I: 0.0019
  J: 0.0193
  K: 0.0115
  L: 0.0071
  M: 0.019
  N: 0.0171
  O: 0.0194
  P: 0.0133
  Q: 0.019
  R: 0.0122
  S: 0.0172
  T: 0.0075
  U: 0.0073
  V: 0.0193
  W: 0.0186
  X: 0.019
  Y: 0.0188
  Z: 0.0193
  [: 0.0179
  \: 0.0186
  ]: 0.0069
  ^: 0.0161
  _: 0.0192
  `: 0.0194
  a: 0.0193
  b: 0.0146
  c: 0.0107
  d: 0.0103
  e: 0.0045
  f: 0.0167
  g: 0.0186
  h: 0.0194
  i: 0.0194
  j: 0.0174
  k: 0.0148
  l: 0.0191
  m: 0.0193
  n: 0.0195
  o: 0.01
  p: 0.0179
  q: 0.0141
  r: 0.0144
  s: 0.0074
  t: 0.0191
  u: 0.0191
  v: 0.0123
  w: 0.0177
  x: 0.0152
  y: 0.0167
  z: 0.0194
  {: 0.0175
  |: 0.0194
  }: 0.0097
  ~: 0.0176
  : 0.0053
  : 0.0131
  : 0.0193

Symmetrized rates from j->i (W_ij):
	A	B	C	D	E	F	G	H	I	J	K	L	M	N	O	P	Q	R	S	T	U	V	W	X	Y	Z	[	\	]	^	_	`	a	b	c	d	e	f	g	h	i	j	k	l	m	n	o	p	q	r	s	t	u	v	w	x	y	z	{	|	}	~			
  A	0	0.9685	0.9653	0.9686	0.9677	0.9672	0.9659	0.9684	0.9354	0.9687	0.9692	0.9425	0.9686	0.9686	0.9686	0.9681	0.9686	0.9589	0.9687	0.9681	0.9615	0.9684	0.9687	0.9684	0.9657	0.9685	0.9687	0.9637	1.2542	0.9685	0.9686	0.9686	0.9686	0.9686	0.9641	0.9629	0.9583	0.9688	0.9686	0.9686	0.9687	0.9686	0.9686	0.9686	0.9685	0.9686	0.9637	0.9686	0.9686	0.9688	0.9609	0.9648	0.9686	0.9687	0.9689	0.9681	0.9614	0.9686	0.9687	0.9686	0.966	0.9688	1.0919	0.959	0.9682
  B	0.9685	0	0.9652	0.9683	0.9675	0.9671	0.9658	0.9681	0.939	0.9683	1.1033	0.9444	0.9683	0.9682	0.9682	0.9677	0.9682	0.96	0.9683	0.9677	0.9619	0.9681	0.9683	0.9681	0.9658	0.9681	0.9683	0.9641	0.965	0.9682	0.9683	0.9682	0.9682	0.9682	0.9644	0.9634	0.959	0.9685	0.9682	0.9682	0.9683	0.9682	0.9682	0.9682	0.9681	0.9683	0.9633	0.9683	0.9683	0.9684	0.961	0.965	0.9683	0.9683	0.9683	0.9672	0.9621	0.9682	0.9684	0.9682	0.9659	0.9683	1.7843	0.9598	0.9679
  C	0.9653	0.9652	0	0.9647	0.9639	0.9644	1.7215	0.9646	0.9543	1.0173	1.1567	2.1518	0.9645	0.9654	0.9643	0.9667	0.9646	0.9621	0.9649	0.9686	1.5342	1.4435	0.965	1.3052	0.9634	0.9643	0.9648	1.1297	1.6666	0.9656	0.9644	0.9643	0.9644	0.9658	1.0337	0.9658	3.0553	1.1202	1.4479	0.9644	0.9644	0.9648	1.0446	0.9644	0.9643	0.9643	1.1055	0.9647	1.5667	0.9658	1.6626	0.9627	0.9645	0.966	0.9648	1.0647	1.059	0.9643	0.9651	0.9643	0.9661	0.9651	6.4789	1.1787	1.1552
  D	0.9686	0.9683	0.9647	0	0.9676	0.9673	0.9652	0.9683	0.9331	0.9686	0.9687	1.1891	0.9686	0.9691	0.9685	0.9677	0.9685	3.3675	0.9685	0.9676	0.9614	0.9685	0.9685	0.9683	0.9656	0.9684	0.9685	1.4227	0.9643	0.9684	0.9685	0.9685	0.9685	0.9684	0.9637	0.9627	0.9574	0.9688	0.9685	0.9685	0.9686	0.9684	0.9684	0.9685	0.9685	0.9685	0.9624	0.9685	0.9684	0.9685	0.9597	0.9647	0.9685	0.9684	0.9687	0.9672	0.961	0.9685	0.9685	0.9685	0.966	0.9685	0.8956	0.9587	0.9681
  E	0.9677	0.9675	0.9639	0.9676	0	0.9663	0.9646	0.9675	0.9303	0.9677	0.9681	0.938	0.9677	0.9676	1.2655	0.9671	0.9677	0.9572	0.9677	0.9672	0.9598	0.9674	0.9676	0.9675	0.9645	0.9675	0.9677	0.9622	0.9638	0.9821	0.9676	0.9676	0.9676	0.9677	0.9628	3.6084	0.9631	0.9679	0.9676	0.9676	0.9677	0.9676	0.9676	0.9676	0.9675	0.9676	3.7205	0.9676	0.9678	0.9679	0.9586	0.9634	0.9676	0.9678	0.9677	0.9667	0.9971	0.9676	0.9677	0.9676	0.9646	0.9677	0.8902	0.9572	0.9671
  F	0.9672	0.9671	0.9644	0.9673	0.9663	0	0.9648	0.9669	0.9345	0.9671	1.182	0.9417	0.9695	1.0195	0.9671	1.4475	1.444	3.7578	0.9672	0.9671	1.0407	1.4768	0.9674	0.9669	0.9642	0.9669	0.9671	1.446	0.9642	0.9672	0.9671	0.967	0.967	0.9678	0.9631	0.9622	4.1255	0.9675	0.967	0.967	0.9674	0.9671	0.9672	0.967	0.9669	0.967	2.9691	0.9671	0.9674	0.9678	0.9596	0.9703	0.9671	0.9675	0.9672	0.9664	1.0119	0.967	0.9673	0.967	0.9651	0.9672	1.1243	0.9587	0.9672
  G	0.9659	0.9658	1.7215	0.9652	0.9646	0.9648	0	0.9651	0.9552	0.9665	1.0567	1.3806	0.9651	0.9656	0.9651	0.9662	0.9651	0.9624	0.9655	1.449	1.0038	0.965	0.9654	0.9651	0.964	0.965	0.9655	0.9679	0.9669	1.0196	0.9651	0.9651	0.9651	0.9661	0.965	0.9643	0.9642	0.9661	0.9752	0.9651	0.9651	0.9654	0.966	0.9651	0.965	0.9651	0.9648	0.9654	1.4467	0.9661	0.9772	0.9635	0.9651	0.9665	0.9658	0.9659	0.9631	0.9651	0.9659	1.4473	1.0809	1.2543	8.0384	0.962	0.9703
  H	0.9684	0.9681	0.9646	0.9683	0.9675	0.9669	0.9651	0	0.9333	0.9684	0.9685	1.4215	0.9684	0.9683	0.9683	0.9676	0.9683	0.9585	0.9683	0.9675	0.9607	0.9681	0.9683	0.9681	0.9654	0.9682	0.9683	0.9633	0.9655	0.9682	0.9683	0.9683	0.9683	0.9682	0.9636	1.2101	0.9572	0.9687	0.9683	0.9683	0.9684	0.9682	0.9682	0.9683	0.9682	0.9683	1.1761	0.9683	0.9683	0.9684	0.9596	0.9644	0.9683	0.9683	0.9683	0.9767	0.9609	0.9683	0.9684	0.9683	0.9652	0.9683	0.8986	2.3962	0.9679
  I	0.9354	0.939	0.9543	0.9331	0.9303	0.9345	0.9552	0.9333	0	0.9321	1.0041	1.9064	0.9325	0.9362	0.9318	0.9893	0.9327	0.9448	0.936	0.9552	0.9546	0.932	0.9339	0.9327	0.9327	0.932	0.9348	0.933	1.4392	0.9382	0.9323	0.9319	0.932	0.9412	3.9687	0.9483	0.9637	0.9369	0.9334	0.932	0.9318	0.9357	1.0384	0.9324	0.9319	0.9317	0.9509	0.9348	0.9419	0.9416	1.9098	0.932	0.9323	0.9454	0.9351	0.9401	0.9371	0.9319	0.937	0.9319	0.9519	0.9358	60.0812	1.4137	0.9322
  J	0.9687	0.9683	1.0173	0.9686	0.9677	0.9671	0.9665	0.9684	0.9321	0	1.0369	0.9392	0.9686	0.9685	0.9686	0.9678	0.9685	0.9584	0.9686	0.9676	0.9605	0.9684	0.9686	0.9684	0.9656	0.9684	0.9686	1.3376	0.9642	0.9684	0.9686	0.9685	0.9686	0.9684	0.9636	0.9625	0.9571	0.9688	0.9686	0.9686	0.9686	0.9685	0.9684	0.9686	0.9685	0.9686	0.9622	0.9685	0.9685	0.9686	0.9594	0.9646	0.9686	0.9684	0.9687	0.9671	0.9609	0.9686	0.9686	0.9686	0.9654	0.9686	0.9034	0.9581	1.0302
  K	0.9692	1.1033	1.1567	0.9687	0.9681	1.182	1.0567	0.9685	1.0041	1.0369	0	0.9586	0.9687	0.9692	0.9686	0.9703	0.9687	0.964	0.9691	0.9721	1.0038	0.9686	0.9689	0.9686	0.9668	0.9685	0.969	1.4358	0.9711	0.9692	0.9686	0.9685	0.9686	0.9701	0.9683	0.9656	1.1997	0.9695	0.9687	1.4521	0.9686	0.969	0.9697	0.9686	0.9685	0.9686	0.9677	0.9689	0.97	0.9701	0.9728	0.9662	0.9686	0.9706	0.9694	0.9691	1.1981	0.9686	0.9694	0.9686	1.4542	0.9692	3.8454	0.9629	1.2179
  L	0.9425	0.9444	2.1518	1.1891	0.938	0.9417	1.3806	1.4215	1.9064	0.9392	0.9586	0	0.9395	0.9693	0.9389	0.949	0.9397	0.9478	0.9422	0.9587	11.0776	0.9392	0.9408	0.9764	1.4055	0.939	0.9412	1.1848	4.1034	2.3889	0.9393	0.939	0.939	0.9467	0.9516	9.0831	1.6083	1.2473	1.3509	0.9389	0.9389	0.9426	0.9458	0.9393	0.9389	0.9387	3.5103	0.9412	1.4231	0.9464	8.0912	0.9379	0.9395	0.95	0.9415	2.302	1.4123	0.9389	0.9427	0.9389	1.4306	0.9419	11.8785	7.7284	0.9392
  M	0.9686	0.9683	0.9645	0.9686	0.9677	0.9695	0.9651	0.9684	0.9325	0.9686	0.9687	0.9395	0	0.9687	0.9686	0.9678	1.2573	0.963	0.9686	0.9676	0.961	0.9684	0.9687	0.9684	0.9656	0.9684	0.9686	0.9638	0.9642	0.9684	0.9686	0.9685	0.9685	0.9685	0.9637	0.9625	2.2185	0.9688	0.9685	0.9686	1.1225	0.9685	0.9684	0.9686	0.9684	0.9686	0.9832	0.9685	0.9685	0.9687	0.9595	0.9646	0.9686	0.9684	0.9686	0.9672	0.961	0.9686	0.9686	0.9686	0.9654	0.9686	0.8948	0.9584	0.9683
  N	0.9686	0.9682	0.9654	0.9691	0.9676	1.0195	0.9656	0.9683	0.9362	0.9685	0.9692	0.9693	0.9687	0	0.9684	0.9682	0.9687	1.5128	0.9685	0.9677	1.1331	0.9688	0.9685	0.9683	0.9658	0.9683	0.9685	0.9663	0.9651	0.9684	0.9685	0.9684	0.9684	0.9694	0.9642	0.9632	1.2238	0.9689	0.9684	0.9684	0.9685	0.9684	0.9683	0.9685	0.9683	0.9685	0.9652	0.9684	0.9685	0.9685	0.9607	0.9664	0.9685	0.9684	0.9685	0.9674	0.9619	0.9684	0.9686	0.9684	0.9661	0.9685	1.3352	1.1181	0.9682
  O	0.9686	0.9682	0.9643	0.9685	1.2655	0.9671	0.9651	0.9683	0.9318	0.9686	0.9686	0.9389	0.9686	0.9684	0	0.9677	0.9685	0.9581	0.9685	0.9676	0.9604	0.9683	0.9685	0.9683	0.9655	0.9684	0.9685	0.9633	0.9642	0.9684	0.9685	0.9685	0.9685	0.9684	0.9635	0.9662	0.9647	0.9687	0.9685	0.9685	0.9686	0.9684	0.9683	0.9685	0.9684	0.9685	1.7327	0.9685	0.9684	0.9685	0.9592	0.9645	0.9685	0.9684	0.9685	0.9672	0.9607	0.9685	0.9685	0.9685	0.9652	0.9685	0.8929	0.958	0.9681
  P	0.9681	0.9677	0.9667	0.9677	0.9671	1.4475	0.9662	0.9676	0.9893	0.9678	0.9703	0.949	0.9678	0.9682	0.9677	0	0.9677	2.4076	0.9678	0.9677	0.9633	0.9677	0.9679	0.9676	0.9657	0.9676	0.9678	0.9643	0.9663	0.9679	0.9677	0.9677	0.9677	0.9679	0.9648	0.9639	1.0051	0.968	0.9677	0.9677	0.9678	0.9677	0.9678	0.9677	0.9676	1.2406	0.9641	0.9678	0.9679	0.968	0.9632	0.965	0.9677	0.968	1.3969	0.967	0.9629	0.9679	0.9685	0.9677	2.9018	0.9679	3.115	0.9608	0.9674
  Q	0.9686	0.9682	0.9646	0.9685	0.9677	1.444	0.9651	0.9683	0.9327	0.9685	0.9687	0.9397	1.2573	0.9687	0.9685	0.9677	0	0.9623	0.9685	0.9676	0.9611	0.9684	0.9686	0.9683	0.9655	0.9684	0.9685	0.9638	0.9643	0.9684	0.9686	0.9684	0.9685	0.9685	0.9637	0.9627	1.8639	0.9687	0.9685	0.9685	1.3005	0.9684	0.9683	0.9685	0.9684	0.9685	1.7799	0.9685	0.9684	0.9686	0.9595	0.9646	0.9685	0.9684	0.9685	0.9672	0.961	0.9685	0.9686	0.9685	0.9654	0.9685	0.8955	0.9585	0.9682
  R	0.9589	0.96	0.9621	3.3675	0.9572	3.7578	0.9624	0.9585	0.9448	0.9584	0.964	0.9478	0.963	1.5128	0.9581	2.4076	0.9623	0	0.9593	0.9639	1.0606	2.0237	0.9592	0.9583	0.9566	0.9581	0.959	3.3599	0.9625	0.9599	0.9584	0.9581	0.9582	0.9611	0.9597	0.9593	6.209	0.9598	0.9586	0.9581	0.9599	0.9606	0.9605	0.9583	0.9581	0.9581	0.988	0.9589	0.9609	0.9612	0.9591	6.5654	0.9583	0.9687	0.9591	0.9598	0.9553	0.9581	0.9595	0.9581	1.4426	0.9592	2.2734	1.033	0.9586
  S	0.9687	0.9683	0.9649	0.9685	0.9677	0.9672	0.9655	0.9683	0.936	0.9686	0.9691	0.9422	0.9686	0.9685	0.9685	0.9678	0.9685	0.9593	0	0.9677	0.9613	0.9683	0.9685	0.9683	0.9658	0.9684	0.9685	0.9639	0.9647	0.9684	0.9685	0.9685	0.9685	0.9684	0.9641	0.9631	0.958	0.9687	0.9685	0.9685	0.9686	0.9684	0.9684	0.9685	0.9684	0.9685	0.9629	0.9685	0.9684	0.9685	0.9603	0.9649	0.9685	0.9684	0.9685	0.9672	0.9617	0.9685	0.9686	0.9685	0.9657	0.9685	1.3507	0.9592	0.9681
  T	0.9681	0.9677	0.9686	0.9676	0.9672	0.9671	1.449	0.9675	0.9552	0.9676	0.9721	0.9587	0.9676	0.9677	0.9676	0.9677	0.9676	0.9639	0.9677	0	0.9651	0.9675	0.9678	0.9675	0.9664	0.9675	0.9677	0.9656	0.967	0.9677	0.9676	0.9676	0.9676	0.9678	0.9728	0.9656	0.964	0.9678	0.9676	0.9676	0.9676	0.9676	1.0632	0.9676	0.9675	0.9676	0.9658	0.9677	0.9745	0.9678	0.9649	0.966	0.9676	0.9679	0.9677	0.9674	0.965	0.9676	0.968	0.9676	0.9672	0.9679	7.0578	0.9638	0.9674
  U	0.9615	0.9619	1.5342	0.9614	0.9598	1.0407	1.0038	0.9607	0.9546	0.9605	1.0038	11.0776	0.961	1.1331	0.9604	0.9633	0.9611	1.0606	0.9613	0.9651	0	0.9608	0.9615	0.9606	0.96	0.9604	0.9611	1.4402	1.7587	0.9618	0.9608	0.9604	0.9604	2.7897	0.9624	0.9623	5.3558	1.4221	0.9607	0.9604	0.9605	0.9612	0.9623	0.9606	0.9604	0.9604	1.0098	0.961	0.9627	0.9627	1.0102	0.9602	1.0249	0.9635	0.9611	1.3198	0.9597	0.9604	0.9617	0.9604	1.4449	0.9613	5.8108	2.3241	0.9608
  V	0.9684	0.9681	1.4435	0.9685	0.9674	1.4768	0.965	0.9681	0.932	0.9684	0.9686	0.9392	0.9684	0.9688	0.9683	0.9677	0.9684	2.0237	0.9683	0.9675	0.9608	0	0.9684	0.9681	0.9653	0.9682	0.9684	0.9635	0.9641	0.9682	0.9683	0.9683	0.9683	0.9682	0.9635	0.9623	1.4262	0.9687	0.9691	0.9683	0.9684	0.9682	0.9689	0.9683	0.9682	0.9683	0.972	0.9683	0.9683	0.9684	0.9593	0.9647	0.9683	0.9683	0.9684	0.9669	0.9607	0.9683	0.9684	0.9683	0.9652	0.9683	0.8971	0.958	0.968
  W	0.9687	0.9683	0.965	0.9685	0.9676	0.9674	0.9654	0.9683	0.9339	0.9686	0.9689	0.9408	0.9687	0.9685	0.9685	0.9679	0.9686	0.9592	0.9685	0.9678	0.9615	0.9684	0	0.9683	0.9656	0.9684	0.9686	0.9638	0.9652	0.9685	0.9686	0.9685	0.9685	0.9686	0.9639	0.9627	1.3299	0.9688	0.9685	0.9685	0.9686	0.9685	0.9684	0.9685	0.9684	0.9685	0.9634	0.9685	0.9685	0.9686	0.9599	0.9647	0.9685	0.9686	0.9686	0.9672	0.9612	0.9685	0.9687	0.9685	0.9659	0.9686	1.0075	0.9586	0.9682
  X	0.9684	0.9681	1.3052	0.9683	0.9675	0.9669	0.9651	0.9681	0.9327	0.9684	0.9686	0.9764	0.9684	0.9683	0.9683	0.9676	0.9683	0.9583	0.9683	0.9675	0.9606	0.9681	0.9683	0	0.9654	0.9682	0.9684	0.9633	0.9642	0.9682	0.9683	0.9683	0.9683	0.9682	0.9636	1.4438	0.9569	0.9687	0.9683	0.9683	0.9684	0.9682	0.9682	0.9683	0.9682	0.9683	1.4438	0.9683	0.9683	0.9684	0.9595	0.9644	0.9683	0.9683	0.9684	0.967	0.9608	0.9683	0.9684	0.9683	0.9652	0.9683	0.9919	1.4372	0.9679
  Y	0.9657	0.9658	0.9634	0.9656	0.9645	0.9642	0.964	0.9654	0.9327	0.9656	0.9668	1.4055	0.9656	0.9658	0.9655	0.9657	0.9655	0.9566	0.9658	0.9664	0.96	0.9653	0.9656	0.9654	0	0.9654	0.9657	0.9606	0.9632	0.9659	0.9655	0.9654	0.9655	0.9661	0.962	0.9614	0.9563	0.9663	0.9656	0.9655	0.9655	0.9657	0.966	0.9655	0.9654	0.9655	0.9609	0.9657	0.9662	0.9663	0.9587	0.9616	0.9655	0.9665	0.9658	0.9648	0.9584	0.9655	0.9658	0.9655	0.9638	0.9658	0.8947	0.9567	0.9651
  Z	0.9685	0.9681	0.9643	0.9684	0.9675	0.9669	0.965	0.9682	0.932	0.9684	0.9685	0.939	0.9684	0.9683	0.9684	0.9676	0.9684	0.9581	0.9684	0.9675	0.9604	0.9682	0.9684	0.9682	0.9654	0	0.9684	0.9632	0.9641	0.9683	0.9684	0.9683	0.9684	0.9683	0.9635	0.9624	0.9567	0.9686	0.9684	0.9684	0.9685	0.9683	0.9683	0.9684	0.9683	0.9684	1.4431	0.9684	0.9683	0.9684	0.9593	0.9644	0.9684	0.9683	0.9684	0.967	0.9607	0.9684	0.9684	0.9684	0.9652	0.9684	0.8933	0.958	0.9679
  [	0.9687	0.9683	0.9648	0.9685	0.9677	0.9671	0.9655	0.9683	0.9348	0.9686	0.969	0.9412	0.9686	0.9685	0.9685	0.9678	0.9685	0.959	0.9685	0.9677	0.9611	0.9684	0.9686	0.9684	0.9657	0.9684	0	0.9637	0.9646	0.9684	0.9685	0.9685	0.9685	0.9684	0.964	0.9629	0.9576	0.9687	0.9685	0.9685	0.9686	0.9685	0.9684	0.9685	0.9684	0.9686	0.9627	1.3123	0.9685	0.9686	0.9601	0.9648	0.9685	0.9685	0.9686	0.9672	0.9614	0.9685	0.9686	0.9685	0.9656	0.9686	1.1948	0.9588	0.9681
  \	0.9637	0.9641	1.1297	1.4227	0.9622	1.446	0.9679	0.9633	0.933	1.3376	1.4358	1.1848	0.9638	0.9663	0.9633	0.9643	0.9638	3.3599	0.9639	0.9656	1.4402	0.9635	0.9638	0.9633	0.9606	0.9632	0.9637	0	0.9639	0.9641	0.9635	0.9633	0.9633	0.9647	0.9609	0.9601	4.3012	0.9645	0.9636	0.9634	0.9636	0.9638	0.9644	0.9634	1.4445	0.9633	0.9603	0.9637	0.9647	0.9652	0.9581	0.9598	0.9634	0.9652	1.7534	0.9634	0.957	0.9633	0.964	0.9633	1.747	0.9638	0.9415	0.9555	1.1611
  ]	1.2542	0.965	1.6666	0.9643	0.9638	0.9642	0.9669	0.9655	1.4392	0.9642	0.9711	4.1034	0.9642	0.9651	0.9642	0.9663	0.9643	0.9625	0.9647	0.967	1.7587	0.9641	0.9652	0.9642	0.9632	0.9641	0.9646	0.9639	0	0.9672	0.9641	1.4465	0.9641	0.9659	0.965	1.3808	1.5053	0.9658	0.9643	0.9641	0.9641	0.9646	0.9653	0.9641	0.964	0.9641	3.7266	0.9645	0.9656	0.9655	2.548	0.9627	0.9642	0.966	0.9652	3.3798	0.9626	0.9641	0.9662	0.9641	1.4502	0.9652	8.1473	3.7462	0.9641
  ^	0.9685	0.9682	0.9656	0.9684	0.9821	0.9672	1.0196	0.9682	0.9382	0.9684	0.9692	2.3889	0.9684	0.9684	0.9684	0.9679	0.9684	0.9599	0.9684	0.9677	0.9618	0.9682	0.9685	0.9682	0.9659	0.9683	0.9684	0.9641	0.9672	0	0.9684	0.9683	0.9684	0.9683	0.9643	1.614	0.9964	0.9691	0.9684	0.9684	0.9684	0.9683	0.9683	0.9684	0.9683	0.9684	1.2525	0.9684	0.9684	0.9684	0.961	0.965	0.9684	0.9684	0.9684	0.9674	0.9621	0.9684	0.9686	0.9684	1.4233	0.9684	1.3769	0.9598	0.968
  _	0.9686	0.9683	0.9644	0.9685	0.9676	0.9671	0.9651	0.9683	0.9323	0.9686	0.9686	0.9393	0.9686	0.9685	0.9685	0.9677	0.9686	0.9584	0.9685	0.9676	0.9608	0.9683	0.9686	0.9683	0.9655	0.9684	0.9685	0.9635	0.9641	0.9684	0	0.9685	0.9685	1.0544	0.9636	0.9625	1.3694	0.9687	0.9685	0.9685	0.9686	0.9684	0.9684	0.9685	0.9684	0.9685	0.9624	0.9685	0.9684	0.9686	0.9594	0.9645	0.9685	0.9684	0.9685	0.9671	0.9609	0.9685	0.9686	0.9685	0.9653	0.9685	0.8942	0.9582	0.9682
  `	0.9686	0.9682	0.9643	0.9685	0.9676	0.967	0.9651	0.9683	0.9319	0.9685	0.9685	0.939	0.9685	0.9684	0.9685	0.9677	0.9684	0.9581	0.9685	0.9676	0.9604	0.9683	0.9685	0.9683	0.9654	0.9683	0.9685	0.9633	1.4465	0.9683	0.9685	0	0.9684	0.9683	0.9635	0.9624	0.9566	0.9687	0.9685	0.9685	0.9685	0.9684	0.9683	0.9684	0.9683	0.9685	0.9622	0.9684	0.9684	0.9685	0.9593	0.9644	0.9685	0.9684	0.9685	0.9671	0.9607	0.9685	0.9685	0.9685	0.9652	0.9685	0.8932	0.958	0.968
  a	0.9686	0.9682	0.9644	0.9685	0.9676	0.967	0.9651	0.9683	0.932	0.9686	0.9686	0.939	0.9685	0.9684	0.9685	0.9677	0.9685	0.9582	0.9685	0.9676	0.9604	0.9683	0.9685	0.9683	0.9655	0.9684	0.9685	0.9633	0.9641	0.9684	0.9685	0.9684	0	0.9684	0.9636	0.9624	0.9567	0.9687	0.9685	0.9685	0.9686	0.9684	0.9683	0.9685	0.9684	0.9685	1.4432	0.9685	0.9684	0.9685	0.9593	0.9645	0.9685	0.9684	0.9685	0.9671	0.9608	0.9685	0.9685	0.9685	0.9652	0.9685	0.8934	0.9581	0.968
  b	0.9686	0.9682	0.9658	0.9684	0.9677	0.9678	0.9661	0.9682	0.9412	0.9684	0.9701	0.9467	0.9685	0.9694	0.9684	0.9679	0.9685	0.9611	0.9684	0.9678	2.7897	0.9682	0.9686	0.9682	0.9661	0.9683	0.9684	0.9647	0.9659	0.9683	1.0544	0.9683	0.9684	0	0.9655	0.9638	2.5981	1.1824	0.9684	0.9684	0.9685	0.9683	0.9683	0.9684	0.9683	0.9684	0.964	0.9684	0.9684	0.9696	0.9617	0.9653	0.9952	0.9684	0.9684	0.9677	0.9627	0.9684	0.9686	0.9684	0.9662	0.9685	2.2762	1.2166	0.9683
  c	0.9641	0.9644	1.0337	0.9637	0.9628	0.9631	0.965	0.9636	3.9687	0.9636	0.9683	0.9516	0.9637	0.9642	0.9635	0.9648	0.9637	0.9597	0.9641	0.9728	0.9624	0.9635	0.9639	0.9636	0.962	0.9635	0.964	0.9609	0.965	0.9643	0.9636	0.9635	0.9636	0.9655	0	0.9626	0.9613	0.9645	0.9638	0.9635	0.9636	0.964	1.0476	0.9636	0.9635	0.9635	0.9627	0.964	0.9679	0.9649	1.017	0.9614	0.9636	0.9654	0.964	0.9641	0.9602	0.9635	0.9642	0.9635	0.9645	0.9641	3.5086	0.9594	0.9634
  d	0.9629	0.9634	0.9658	0.9627	3.6084	0.9622	0.9643	1.2101	0.9483	0.9625	0.9656	9.0831	0.9625	0.9632	0.9662	0.9639	0.9627	0.9593	0.9631	0.9656	0.9623	0.9623	0.9627	1.4438	0.9614	0.9624	0.9629	0.9601	1.3808	1.614	0.9625	0.9624	0.9624	0.9638	0.9626	0	1.0384	0.9651	0.9626	0.9624	0.9624	0.963	0.9637	0.9625	0.9623	0.9624	8.0626	0.9628	0.964	0.964	1.6893	0.9604	0.9625	0.9645	0.9629	1.3397	1.8964	0.9624	0.963	0.9624	0.9638	0.963	1.3082	2.7702	0.9622
  e	0.9583	0.959	3.0553	0.9574	0.9631	4.1255	0.9642	0.9572	0.9637	0.9571	1.1997	1.6083	2.2185	1.2238	0.9647	1.0051	1.8639	6.209	0.958	0.964	5.3558	1.4262	1.3299	0.9569	0.9563	0.9567	0.9576	4.3012	1.5053	0.9964	1.3694	0.9566	0.9567	2.5981	0.9613	1.0384	0	1.5674	0.9571	0.9566	1.0629	1.0023	0.9595	1.4352	0.9566	0.9565	7.0504	0.9576	1.1116	1.1765	1.0925	0.9576	1.1041	1.4797	0.9578	1.0614	1.9141	0.9566	1.471	0.9566	2.2071	0.958	17.7915	2.7762	1.3955
  f	0.9688	0.9685	1.1202	0.9688	0.9679	0.9675	0.9661	0.9687	0.9369	0.9688	0.9695	1.2473	0.9688	0.9689	0.9687	0.968	0.9687	0.9598	0.9687	0.9678	1.4221	0.9687	0.9688	0.9687	0.9663	0.9686	0.9687	0.9645	0.9658	0.9691	0.9687	0.9687	0.9687	1.1824	0.9645	0.9651	1.5674	0	0.9691	0.9687	0.9688	0.9686	0.9687	0.9687	0.9686	0.9687	0.9641	0.9687	0.9692	0.9687	0.9631	0.9652	0.9802	0.9685	0.9687	0.9684	0.9624	0.9687	0.9688	0.9687	0.966	0.9687	1.4233	1.2059	0.9685
  g	0.9686	0.9682	1.4479	0.9685	0.9676	0.967	0.9752	0.9683	0.9334	0.9686	0.9687	1.3509	0.9685	0.9684	0.9685	0.9677	0.9685	0.9586	0.9685	0.9676	0.9607	0.9691	0.9685	0.9683	0.9656	0.9684	0.9685	0.9636	0.9643	0.9684	0.9685	0.9685	0.9685	0.9684	0.9638	0.9626	0.9571	0.9691	0	0.9685	0.9686	0.9684	0.9696	0.9685	0.9684	0.9685	0.9624	0.9685	0.9684	0.9685	0.9597	0.9646	0.9685	0.9684	0.9685	0.9671	0.9611	0.9685	0.9685	0.9685	0.9654	0.9685	0.9435	0.9584	0.9681
  h	0.9686	0.9682	0.9644	0.9685	0.9676	0.967	0.9651	0.9683	0.932	0.9686	1.4521	0.9389	0.9686	0.9684	0.9685	0.9677	0.9685	0.9581	0.9685	0.9676	0.9604	0.9683	0.9685	0.9683	0.9655	0.9684	0.9685	0.9634	0.9641	0.9684	0.9685	0.9685	0.9685	0.9684	0.9635	0.9624	0.9566	0.9687	0.9685	0	0.9686	0.9684	0.9683	0.9685	0.9684	0.9685	0.9621	0.9685	0.9684	0.9685	0.9593	0.9645	0.9685	0.9684	0.9685	0.967	0.9607	0.9685	0.9685	0.9685	0.9652	0.9685	0.8939	0.958	0.9681
  i	0.9687	0.9683	0.9644	0.9686	0.9677	0.9674	0.9651	0.9684	0.9318	0.9686	0.9686	0.9389	1.1225	0.9685	0.9686	0.9678	1.3005	0.9599	0.9686	0.9676	0.9605	0.9684	0.9686	0.9684	0.9655	0.9685	0.9686	0.9636	0.9641	0.9684	0.9686	0.9685	0.9686	0.9685	0.9636	0.9624	1.0629	0.9688	0.9686	0.9686	0	0.9685	0.9684	0.9686	0.9685	0.9686	0.9637	0.9685	0.9685	0.9686	0.9593	0.9646	0.9686	0.9685	0.9686	0.9671	0.9608	0.9686	0.9686	0.9686	0.9653	0.9686	0.8932	0.9581	0.9682
  j	0.9686	0.9682	0.9648	0.9684	0.9676	0.9671	0.9654	0.9682	0.9357	0.9685	0.969	0.9426	0.9685	0.9684	0.9684	0.9677	0.9684	0.9606	0.9684	0.9676	0.9612	0.9682	0.9685	0.9682	0.9657	0.9683	0.9685	0.9638	0.9646	0.9683	0.9684	0.9684	0.9684	0.9683	0.964	0.963	1.0023	0.9686	0.9684	0.9684	0.9685	0	0.9683	0.9684	0.9683	0.9684	0.9628	0.9684	0.9684	0.9685	0.9602	0.9648	0.9684	0.9697	0.9684	0.9672	0.9615	0.9684	0.9685	0.9684	0.9656	0.9685	1.3046	0.959	0.968
  k	0.9686	0.9682	1.0446	0.9684	0.9676	0.9672	0.966	0.9682	1.0384	0.9684	0.9697	0.9458	0.9684	0.9683	0.9683	0.9678	0.9683	0.9605	0.9684	1.0632	0.9623	0.9689	0.9684	0.9682	0.966	0.9683	0.9684	0.9644	0.9653	0.9683	0.9684	0.9683	0.9683	0.9683	1.0476	0.9637	0.9595	0.9687	0.9696	0.9683	0.9684	0.9683	0	0.9683	0.9683	0.9684	0.9636	0.9684	1.0436	0.9684	0.9615	0.9653	0.9684	0.9683	0.9684	0.9673	0.9626	0.9683	0.9685	0.9684	0.9661	0.9684	2.0382	0.9604	0.968
  l	0.9686	0.9682	0.9644	0.9685	0.9676	0.967	0.9651	0.9683	0.9324	0.9686	0.9686	0.9393	0.9686	0.9685	0.9685	0.9677	0.9685	0.9583	0.9685	0.9676	0.9606	0.9683	0.9685	0.9683	0.9655	0.9684	0.9685	0.9634	0.9641	0.9684	0.9685	0.9684	0.9685	0.9684	0.9636	0.9625	1.4352	0.9687	0.9685	0.9685	0.9686	0.9684	0.9683	0	0.9684	0.9685	0.9623	0.9685	0.9684	0.9686	0.9594	0.9645	0.9685	0.9684	0.9685	0.9671	0.9608	0.9685	0.9685	0.9685	0.9653	0.9685	0.8941	0.9582	0.9681
  m	0.9685	0.9681	0.9643	0.9685	0.9675	0.9669	0.965	0.9682	0.9319	0.9685	0.9685	0.9389	0.9684	0.9683	0.9684	0.9676	0.9684	0.9581	0.9684	0.9675	0.9604	0.9682	0.9684	0.9682	0.9654	0.9683	0.9684	1.4445	0.964	0.9683	0.9684	0.9683	0.9684	0.9683	0.9635	0.9623	0.9566	0.9686	0.9684	0.9684	0.9685	0.9683	0.9683	0.9684	0	0.9684	0.9621	0.9684	0.9683	0.9684	0.9592	0.9644	0.9684	0.9683	0.9687	0.9669	0.9606	0.9684	0.9684	0.9684	0.9652	0.9684	0.8931	0.958	0.968
  n	0.9686	0.9683	0.9643	0.9685	0.9676	0.967	0.9651	0.9683	0.9317	0.9686	0.9686	0.9387	0.9686	0.9685	0.9685	1.2406	0.9685	0.9581	0.9685	0.9676	0.9604	0.9683	0.9685	0.9683	0.9655	0.9684	0.9686	0.9633	0.9641	0.9684	0.9685	0.9685	0.9685	0.9684	0.9635	0.9624	0.9565	0.9687	0.9685	0.9685	0.9686	0.9684	0.9684	0.9685	0.9684	0	0.9621	0.9685	0.9684	0.9685	0.9592	0.9645	0.9685	0.9684	1.2457	0.9671	0.9607	0.9685	0.9686	0.9685	0.9653	0.9685	0.8928	0.958	0.9681
  o	0.9637	0.9633	1.1055	0.9624	3.7205	2.9691	0.9648	1.1761	0.9509	0.9622	0.9677	3.5103	0.9832	0.9652	1.7327	0.9641	1.7799	0.988	0.9629	0.9658	1.0098	0.972	0.9634	1.4438	0.9609	1.4431	0.9627	0.9603	3.7266	1.2525	0.9624	0.9622	1.4432	0.964	0.9627	8.0626	7.0504	0.9641	0.9624	0.9621	0.9637	0.9628	0.9636	0.9623	0.9621	0.9621	0	0.9627	0.9917	0.9642	1.1446	0.9602	0.9623	0.9646	0.9627	3.1649	0.96	0.9621	0.9632	0.9621	0.9658	0.9629	4.5635	1.5399	0.9625
  p	0.9686	0.9683	0.9647	0.9685	0.9676	0.9671	0.9654	0.9683	0.9348	0.9685	0.9689	0.9412	0.9685	0.9684	0.9685	0.9678	0.9685	0.9589	0.9685	0.9677	0.961	0.9683	0.9685	0.9683	0.9657	0.9684	1.3123	0.9637	0.9645	0.9684	0.9685	0.9684	0.9685	0.9684	0.964	0.9628	0.9576	0.9687	0.9685	0.9685	0.9685	0.9684	0.9684	0.9685	0.9684	0.9685	0.9627	0	0.9684	0.9685	0.96	0.9647	0.9685	0.9684	0.9685	0.9672	0.9613	0.9685	0.9686	0.9685	0.9656	0.9685	1.1947	0.9588	0.9681
  q	0.9686	0.9683	1.5667	0.9684	0.9678	0.9674	1.4467	0.9683	0.9419	0.9685	0.97	1.4231	0.9685	0.9685	0.9684	0.9679	0.9684	0.9609	0.9684	0.9745	0.9627	0.9683	0.9685	0.9683	0.9662	0.9683	0.9685	0.9647	0.9656	0.9684	0.9684	0.9684	0.9684	0.9684	0.9679	0.964	1.1116	0.9692	0.9684	0.9684	0.9685	0.9684	1.0436	0.9684	0.9683	0.9684	0.9917	0.9684	0	0.9685	0.9906	0.9655	0.9684	0.9684	0.9684	0.9676	0.963	0.9684	0.9686	0.9684	0.9662	0.9685	2.3785	0.9608	0.9682
  r	0.9688	0.9684	0.9658	0.9685	0.9679	0.9678	0.9661	0.9684	0.9416	0.9686	0.9701	0.9464	0.9687	0.9685	0.9685	0.968	0.9686	0.9612	0.9685	0.9678	0.9627	0.9684	0.9686	0.9684	0.9663	0.9684	0.9686	0.9652	0.9655	0.9684	0.9686	0.9685	0.9685	0.9696	0.9649	0.964	1.1765	0.9687	0.9685	0.9685	0.9686	0.9685	0.9684	0.9686	0.9684	0.9685	0.9642	0.9685	0.9685	0	0.9617	0.9655	0.9685	0.9685	0.9685	0.9675	0.963	0.9685	0.9688	0.9685	0.9663	0.9686	2.2761	0.9608	1.5471
  s	0.9609	0.961	1.6626	0.9597	0.9586	0.9596	0.9772	0.9596	1.9098	0.9594	0.9728	8.0912	0.9595	0.9607	0.9592	0.9632	0.9595	0.9591	0.9603	0.9649	1.0102	0.9593	0.9599	0.9595	0.9587	0.9593	0.9601	0.9581	2.548	0.961	0.9594	0.9593	0.9593	0.9617	1.017	1.6893	1.0925	0.9631	0.9597	0.9593	0.9593	0.9602	0.9615	0.9594	0.9592	0.9592	1.1446	0.96	0.9906	0.9617	0	0.9579	0.9594	0.9628	0.9601	1.5136	0.9583	0.9592	0.9606	0.9593	0.9634	0.9603	7.6331	0.9643	0.9593
  t	0.9648	0.965	0.9627	0.9647	0.9634	0.9703	0.9635	0.9644	0.932	0.9646	0.9662	0.9379	0.9646	0.9664	0.9645	0.965	0.9646	6.5654	0.9649	0.966	0.9602	0.9647	0.9647	0.9644	0.9616	0.9644	0.9648	0.9598	0.9627	0.965	0.9645	0.9644	0.9645	0.9653	0.9614	0.9604	0.9576	0.9652	0.9646	0.9645	0.9646	0.9648	0.9653	0.9645	0.9644	0.9645	0.9602	0.9647	0.9655	0.9655	0.9579	0	0.9645	0.9658	0.9648	0.9639	0.9574	0.9645	0.9649	0.9645	0.9633	0.9649	0.8933	0.9558	0.9641
  u	0.9686	0.9683	0.9645	0.9685	0.9676	0.9671	0.9651	0.9683	0.9323	0.9686	0.9686	0.9395	0.9686	0.9685	0.9685	0.9677	0.9685	0.9583	0.9685	0.9676	1.0249	0.9683	0.9685	0.9683	0.9655	0.9684	0.9685	0.9634	0.9642	0.9684	0.9685	0.9685	0.9685	0.9952	0.9636	0.9625	1.1041	0.9802	0.9685	0.9685	0.9686	0.9684	0.9684	0.9685	0.9684	0.9685	0.9623	0.9685	0.9684	0.9685	0.9594	0.9645	0	0.9684	0.9685	0.9671	0.9609	0.9685	0.9686	0.9685	0.9653	0.9685	0.8941	1.2881	0.9681
  v	0.9687	0.9683	0.966	0.9684	0.9678	0.9675	0.9665	0.9683	0.9454	0.9684	0.9706	0.95	0.9684	0.9684	0.9684	0.968	0.9684	0.9687	0.9684	0.9679	0.9635	0.9683	0.9686	0.9683	0.9665	0.9683	0.9685	0.9652	0.966	0.9684	0.9684	0.9684	0.9684	0.9684	0.9654	0.9645	1.4797	0.9685	0.9684	0.9684	0.9685	0.9697	0.9683	0.9684	0.9683	0.9684	0.9646	0.9684	0.9684	0.9685	0.9628	0.9658	0.9684	0	0.9684	0.9676	0.9636	0.9684	0.9686	0.9684	0.9667	0.9685	3.1936	0.9617	0.9682
  w	0.9689	0.9683	0.9648	0.9687	0.9677	0.9672	0.9658	0.9683	0.9351	0.9687	0.9694	0.9415	0.9686	0.9685	0.9685	1.3969	0.9685	0.9591	0.9685	0.9677	0.9611	0.9684	0.9686	0.9684	0.9658	0.9684	0.9686	1.7534	0.9652	0.9684	0.9685	0.9685	0.9685	0.9684	0.964	0.9629	0.9578	0.9687	0.9685	0.9685	0.9686	0.9684	0.9684	0.9685	0.9687	1.2457	0.9627	0.9685	0.9684	0.9685	0.9601	0.9648	0.9685	0.9684	0	0.9672	0.9615	0.9685	0.9687	0.9685	1.334	0.9693	1.348	0.9589	0.9682
  x	0.9681	0.9672	1.0647	0.9672	0.9667	0.9664	0.9659	0.9767	0.9401	0.9671	0.9691	2.302	0.9672	0.9674	0.9672	0.967	0.9672	0.9598	0.9672	0.9674	1.3198	0.9669	0.9672	0.967	0.9648	0.967	0.9672	0.9634	3.3798	0.9674	0.9671	0.9671	0.9671	0.9677	0.9641	1.3397	1.0614	0.9684	0.9671	0.967	0.9671	0.9672	0.9673	0.9671	0.9669	0.9671	3.1649	0.9672	0.9676	0.9675	1.5136	0.9639	0.9671	0.9676	0.9672	0	0.9614	0.967	0.9674	0.967	0.9656	0.9673	1.9237	1.1313	0.9668
  y	0.9614	0.9621	1.059	0.961	0.9971	1.0119	0.9631	0.9609	0.9371	0.9609	1.1981	1.4123	0.961	0.9619	0.9607	0.9629	0.961	0.9553	0.9617	0.965	0.9597	0.9607	0.9612	0.9608	0.9584	0.9607	0.9614	0.957	0.9626	0.9621	0.9609	0.9607	0.9608	0.9627	0.9602	1.8964	1.9141	0.9624	0.9611	0.9607	0.9608	0.9615	0.9626	0.9608	0.9606	0.9607	0.96	0.9613	0.963	0.963	0.9583	0.9574	0.9609	0.9636	0.9615	0.9614	0	0.9608	0.9617	0.9607	1.4408	0.9615	1.5687	0.9544	0.9606
  z	0.9686	0.9682	0.9643	0.9685	0.9676	0.967	0.9651	0.9683	0.9319	0.9686	0.9686	0.9389	0.9686	0.9684	0.9685	0.9679	0.9685	0.9581	0.9685	0.9676	0.9604	0.9683	0.9685	0.9683	0.9655	0.9684	0.9685	0.9633	0.9641	0.9684	0.9685	0.9685	0.9685	0.9684	0.9635	0.9624	0.9566	0.9687	0.9685	0.9685	0.9686	0.9684	0.9683	0.9685	0.9684	0.9685	0.9621	0.9685	0.9684	0.9685	0.9592	0.9645	0.9685	0.9684	0.9685	0.967	0.9608	0	0.9686	0.9685	1.448	0.9685	0.8931	0.958	0.9681
  {	0.9687	0.9684	0.9651	0.9685	0.9677	0.9673	0.9659	0.9684	0.937	0.9686	0.9694	0.9427	0.9686	0.9686	0.9685	0.9685	0.9686	0.9595	0.9686	0.968	0.9617	0.9684	0.9687	0.9684	0.9658	0.9684	0.9686	0.964	0.9662	0.9686	0.9686	0.9685	0.9685	0.9686	0.9642	0.963	1.471	0.9688	0.9685	0.9685	0.9686	0.9685	0.9685	0.9685	0.9684	0.9686	0.9632	0.9686	0.9686	0.9688	0.9606	0.9649	0.9686	0.9686	0.9687	0.9674	0.9617	0.9686	0	0.9685	1.0588	0.9686	1.2595	0.9591	0.9682
  |	0.9686	0.9682	0.9643	0.9685	0.9676	0.967	1.4473	0.9683	0.9319	0.9686	0.9686	0.9389	0.9686	0.9684	0.9685	0.9677	0.9685	0.9581	0.9685	0.9676	0.9604	0.9683	0.9685	0.9683	0.9655	0.9684	0.9685	0.9633	0.9641	0.9684	0.9685	0.9685	0.9685	0.9684	0.9635	0.9624	0.9566	0.9687	0.9685	0.9685	0.9686	0.9684	0.9684	0.9685	0.9684	0.9685	0.9621	0.9685	0.9684	0.9685	0.9593	0.9645	0.9685	0.9684	0.9685	0.967	0.9607	0.9685	0.9685	0	0.9652	0.9685	0.8933	0.958	0.9681
  }	0.966	0.9659	0.9661	0.966	0.9646	0.9651	1.0809	0.9652	0.9519	0.9654	1.4542	1.4306	0.9654	0.9661	0.9652	2.9018	0.9654	1.4426	0.9657	0.9672	1.4449	0.9652	0.9659	0.9652	0.9638	0.9652	0.9656	1.747	1.4502	1.4233	0.9653	0.9652	0.9652	0.9662	0.9645	0.9638	2.2071	0.966	0.9654	0.9652	0.9653	0.9656	0.9661	0.9653	0.9652	0.9653	0.9658	0.9656	0.9662	0.9663	0.9634	0.9633	0.9653	0.9667	1.334	0.9656	1.4408	1.448	1.0588	0.9652	0	0.9658	5.1057	0.9623	0.9653
  ~	0.9688	0.9683	0.9651	0.9685	0.9677	0.9672	1.2543	0.9683	0.9358	0.9686	0.9692	0.9419	0.9686	0.9685	0.9685	0.9679	0.9685	0.9592	0.9685	0.9679	0.9613	0.9683	0.9686	0.9683	0.9658	0.9684	0.9686	0.9638	0.9652	0.9684	0.9685	0.9685	0.9685	0.9685	0.9641	0.963	0.958	0.9687	0.9685	0.9685	0.9686	0.9685	0.9684	0.9685	0.9684	0.9685	0.9629	0.9685	0.9685	0.9686	0.9603	0.9649	0.9685	0.9685	0.9693	0.9673	0.9615	0.9685	0.9686	0.9685	0.9658	0	1.2474	0.959	0.9681
  	1.0919	1.7843	6.4789	0.8956	0.8902	1.1243	8.0384	0.8986	60.0812	0.9034	3.8454	11.8785	0.8948	1.3352	0.8929	3.115	0.8955	2.2734	1.3507	7.0578	5.8108	0.8971	1.0075	0.9919	0.8947	0.8933	1.1948	0.9415	8.1473	1.3769	0.8942	0.8932	0.8934	2.2762	3.5086	1.3082	17.7915	1.4233	0.9435	0.8939	0.8932	1.3046	2.0382	0.8941	0.8931	0.8928	4.5635	1.1947	2.3785	2.2761	7.6331	0.8933	0.8941	3.1936	1.348	1.9237	1.5687	0.8931	1.2595	0.8933	5.1057	1.2474	0	0.917	0.9286
  	0.959	0.9598	1.1787	0.9587	0.9572	0.9587	0.962	2.3962	1.4137	0.9581	0.9629	7.7284	0.9584	1.1181	0.958	0.9608	0.9585	1.033	0.9592	0.9638	2.3241	0.958	0.9586	1.4372	0.9567	0.958	0.9588	0.9555	3.7462	0.9598	0.9582	0.958	0.9581	1.2166	0.9594	2.7702	2.7762	1.2059	0.9584	0.958	0.9581	0.959	0.9604	0.9582	0.958	0.958	1.5399	0.9588	0.9608	0.9608	0.9643	0.9558	1.2881	0.9617	0.9589	1.1313	0.9544	0.958	0.9591	0.958	0.9623	0.959	0.917	0	0.958
  	0.9682	0.9679	1.1552	0.9681	0.9671	0.9672	0.9703	0.9679	0.9322	1.0302	1.2179	0.9392	0.9683	0.9682	0.9681	0.9674	0.9682	0.9586	0.9681	0.9674	0.9608	0.968	0.9682	0.9679	0.9651	0.9679	0.9681	1.1611	0.9641	0.968	0.9682	0.968	0.968	0.9683	0.9634	0.9622	1.3955	0.9685	0.9681	0.9681	0.9682	0.968	0.968	0.9681	0.968	0.9681	0.9625	0.9681	0.9682	1.5471	0.9593	0.9641	0.9681	0.9682	0.9682	0.9668	0.9606	0.9681	0.9682	0.9681	0.9653	0.9681	0.9286	0.958	0

Actual rates from j->i (Q_ij):
	A	B	C	D	E	F	G	H	I	J	K	L	M	N	O	P	Q	R	S	T	U	V	W	X	Y	Z	[	\	]	^	_	`	a	b	c	d	e	f	g	h	i	j	k	l	m	n	o	p	q	r	s	t	u	v	w	x	y	z	{	|	}	~			
  A	0	0.0178	0.0177	0.0178	0.0178	0.0177	0.0177	0.0178	0.0172	0.0178	0.0178	0.0173	0.0178	0.0178	0.0178	0.0178	0.0178	0.0176	0.0178	0.0178	0.0176	0.0178	0.0178	0.0178	0.0177	0.0178	0.0178	0.0177	0.023	0.0178	0.0178	0.0178	0.0178	0.0178	0.0177	0.0177	0.0176	0.0178	0.0178	0.0178	0.0178	0.0178	0.0178	0.0178	0.0178	0.0178	0.0177	0.0178	0.0178	0.0178	0.0176	0.0177	0.0178	0.0178	0.0178	0.0178	0.0176	0.0178	0.0178	0.0178	0.0177	0.0178	0.02	0.0176	0.0178
  B	0.0152	0	0.0152	0.0152	0.0152	0.0152	0.0152	0.0152	0.0147	0.0152	0.0173	0.0148	0.0152	0.0152	0.0152	0.0152	0.0152	0.0151	0.0152	0.0152	0.0151	0.0152	0.0152	0.0152	0.0152	0.0152	0.0152	0.0151	0.0152	0.0152	0.0152	0.0152	0.0152	0.0152	0.0151	0.0151	0.0151	0.0152	0.0152	0.0152	0.0152	0.0152	0.0152	0.0152	0.0152	0.0152	0.0151	0.0152	0.0152	0.0152	0.0151	0.0152	0.0152	0.0152	0.0152	0.0152	0.0151	0.0152	0.0152	0.0152	0.0152	0.0152	0.028	0.0151	0.0152
  C	0.008	0.008	0	0.008	0.008	0.008	0.0144	0.008	0.008	0.0085	0.0096	0.0179	0.008	0.0081	0.008	0.0081	0.008	0.008	0.008	0.0081	0.0128	0.012	0.008	0.0109	0.008	0.008	0.008	0.0094	0.0139	0.0081	0.008	0.008	0.008	0.0081	0.0086	0.0081	0.0255	0.0093	0.0121	0.008	0.008	0.008	0.0087	0.008	0.008	0.008	0.0092	0.008	0.0131	0.0081	0.0139	0.008	0.008	0.0081	0.008	0.0089	0.0088	0.008	0.008	0.008	0.0081	0.008	0.054	0.0098	0.0096
  D	0.0181	0.0181	0.0181	0	0.0181	0.0181	0.0181	0.0181	0.0175	0.0181	0.0181	0.0223	0.0181	0.0181	0.0181	0.0181	0.0181	0.063	0.0181	0.0181	0.018	0.0181	0.0181	0.0181	0.0181	0.0181	0.0181	0.0266	0.0181	0.0181	0.0181	0.0181	0.0181	0.0181	0.018	0.018	0.0179	0.0181	0.0181	0.0181	0.0181	0.0181	0.0181	0.0181	0.0181	0.0181	0.018	0.0181	0.0181	0.0181	0.018	0.0181	0.0181	0.0181	0.0181	0.0181	0.018	0.0181	0.0181	0.0181	0.0181	0.0181	0.0168	0.0179	0.0181
  E	0.0196	0.0196	0.0195	0.0196	0	0.0196	0.0195	0.0196	0.0188	0.0196	0.0196	0.019	0.0196	0.0196	0.0256	0.0196	0.0196	0.0194	0.0196	0.0196	0.0194	0.0196	0.0196	0.0196	0.0195	0.0196	0.0196	0.0195	0.0195	0.0199	0.0196	0.0196	0.0196	0.0196	0.0195	0.073	0.0195	0.0196	0.0196	0.0196	0.0196	0.0196	0.0196	0.0196	0.0196	0.0196	0.0753	0.0196	0.0196	0.0196	0.0194	0.0195	0.0196	0.0196	0.0196	0.0196	0.0202	0.0196	0.0196	0.0196	0.0195	0.0196	0.018	0.0194	0.0196
  F	0.0174	0.0174	0.0173	0.0174	0.0174	0	0.0174	0.0174	0.0168	0.0174	0.0213	0.0169	0.0174	0.0183	0.0174	0.026	0.026	0.0676	0.0174	0.0174	0.0187	0.0266	0.0174	0.0174	0.0173	0.0174	0.0174	0.026	0.0173	0.0174	0.0174	0.0174	0.0174	0.0174	0.0173	0.0173	0.0742	0.0174	0.0174	0.0174	0.0174	0.0174	0.0174	0.0174	0.0174	0.0174	0.0534	0.0174	0.0174	0.0174	0.0173	0.0174	0.0174	0.0174	0.0174	0.0174	0.0182	0.0174	0.0174	0.0174	0.0174	0.0174	0.0202	0.0172	0.0174
  G	0.0076	0.0076	0.0135	0.0076	0.0076	0.0076	0	0.0076	0.0075	0.0076	0.0083	0.0108	0.0076	0.0076	0.0076	0.0076	0.0076	0.0075	0.0076	0.0113	0.0079	0.0076	0.0076	0.0076	0.0076	0.0076	0.0076	0.0076	0.0076	0.008	0.0076	0.0076	0.0076	0.0076	0.0076	0.0076	0.0076	0.0076	0.0076	0.0076	0.0076	0.0076	0.0076	0.0076	0.0076	0.0076	0.0076	0.0076	0.0113	0.0076	0.0077	0.0075	0.0076	0.0076	0.0076	0.0076	0.0075	0.0076	0.0076	0.0113	0.0085	0.0098	0.063	0.0075	0.0076
  H	0.018	0.018	0.018	0.018	0.018	0.018	0.018	0	0.0174	0.018	0.018	0.0265	0.018	0.018	0.018	0.018	0.018	0.0178	0.018	0.018	0.0179	0.018	0.018	0.018	0.018	0.018	0.018	0.0179	0.018	0.018	0.018	0.018	0.018	0.018	0.0179	0.0225	0.0178	0.018	0.018	0.018	0.018	0.018	0.018	0.018	0.018	0.018	0.0219	0.018	0.018	0.018	0.0179	0.0179	0.018	0.018	0.018	0.0182	0.0179	0.018	0.018	0.018	0.018	0.018	0.0167	0.0446	0.018
  I	0.0017	0.0018	0.0018	0.0017	0.0017	0.0017	0.0018	0.0017	0	0.0017	0.0019	0.0036	0.0017	0.0017	0.0017	0.0018	0.0017	0.0018	0.0017	0.0018	0.0018	0.0017	0.0017	0.0017	0.0017	0.0017	0.0017	0.0017	0.0027	0.0018	0.0017	0.0017	0.0017	0.0018	0.0074	0.0018	0.0018	0.0017	0.0017	0.0017	0.0017	0.0017	0.0019	0.0017	0.0017	0.0017	0.0018	0.0017	0.0018	0.0018	0.0036	0.0017	0.0017	0.0018	0.0017	0.0018	0.0018	0.0017	0.0017	0.0017	0.0018	0.0017	0.1122	0.0026	0.0017
  J	0.0187	0.0187	0.0196	0.0187	0.0187	0.0187	0.0186	0.0187	0.018	0	0.02	0.0181	0.0187	0.0187	0.0187	0.0187	0.0187	0.0185	0.0187	0.0187	0.0185	0.0187	0.0187	0.0187	0.0186	0.0187	0.0187	0.0258	0.0186	0.0187	0.0187	0.0187	0.0187	0.0187	0.0186	0.0186	0.0185	0.0187	0.0187	0.0187	0.0187	0.0187	0.0187	0.0187	0.0187	0.0187	0.0186	0.0187	0.0187	0.0187	0.0185	0.0186	0.0187	0.0187	0.0187	0.0187	0.0185	0.0187	0.0187	0.0187	0.0186	0.0187	0.0174	0.0185	0.0199
  K	0.0112	0.0127	0.0134	0.0112	0.0112	0.0136	0.0122	0.0112	0.0116	0.012	0	0.0111	0.0112	0.0112	0.0112	0.0112	0.0112	0.0111	0.0112	0.0112	0.0116	0.0112	0.0112	0.0112	0.0112	0.0112	0.0112	0.0166	0.0112	0.0112	0.0112	0.0112	0.0112	0.0112	0.0112	0.0111	0.0138	0.0112	0.0112	0.0168	0.0112	0.0112	0.0112	0.0112	0.0112	0.0112	0.0112	0.0112	0.0112	0.0112	0.0112	0.0112	0.0112	0.0112	0.0112	0.0112	0.0138	0.0112	0.0112	0.0112	0.0168	0.0112	0.0444	0.0111	0.0141
  L	0.0066	0.0067	0.0152	0.0084	0.0066	0.0066	0.0097	0.01	0.0134	0.0066	0.0068	0	0.0066	0.0068	0.0066	0.0067	0.0066	0.0067	0.0066	0.0068	0.0781	0.0066	0.0066	0.0069	0.0099	0.0066	0.0066	0.0084	0.0289	0.0168	0.0066	0.0066	0.0066	0.0067	0.0067	0.0641	0.0113	0.0088	0.0095	0.0066	0.0066	0.0066	0.0067	0.0066	0.0066	0.0066	0.0248	0.0066	0.01	0.0067	0.0571	0.0066	0.0066	0.0067	0.0066	0.0162	0.01	0.0066	0.0066	0.0066	0.0101	0.0066	0.0838	0.0545	0.0066
  M	0.0184	0.0184	0.0184	0.0184	0.0184	0.0185	0.0184	0.0184	0.0178	0.0184	0.0184	0.0179	0	0.0184	0.0184	0.0184	0.0239	0.0183	0.0184	0.0184	0.0183	0.0184	0.0184	0.0184	0.0184	0.0184	0.0184	0.0184	0.0184	0.0184	0.0184	0.0184	0.0184	0.0184	0.0184	0.0183	0.0422	0.0184	0.0184	0.0184	0.0214	0.0184	0.0184	0.0184	0.0184	0.0184	0.0187	0.0184	0.0184	0.0184	0.0183	0.0184	0.0184	0.0184	0.0184	0.0184	0.0183	0.0184	0.0184	0.0184	0.0184	0.0184	0.017	0.0183	0.0184
  N	0.0166	0.0166	0.0166	0.0166	0.0166	0.0175	0.0166	0.0166	0.0161	0.0166	0.0166	0.0166	0.0166	0	0.0166	0.0166	0.0166	0.0259	0.0166	0.0166	0.0194	0.0166	0.0166	0.0166	0.0166	0.0166	0.0166	0.0166	0.0166	0.0166	0.0166	0.0166	0.0166	0.0166	0.0165	0.0165	0.021	0.0166	0.0166	0.0166	0.0166	0.0166	0.0166	0.0166	0.0166	0.0166	0.0166	0.0166	0.0166	0.0166	0.0165	0.0166	0.0166	0.0166	0.0166	0.0166	0.0165	0.0166	0.0166	0.0166	0.0166	0.0166	0.0229	0.0192	0.0166
  O	0.0188	0.0188	0.0188	0.0188	0.0246	0.0188	0.0188	0.0188	0.0181	0.0188	0.0188	0.0183	0.0188	0.0188	0	0.0188	0.0188	0.0186	0.0188	0.0188	0.0187	0.0188	0.0188	0.0188	0.0188	0.0188	0.0188	0.0187	0.0188	0.0188	0.0188	0.0188	0.0188	0.0188	0.0187	0.0188	0.0188	0.0188	0.0188	0.0188	0.0188	0.0188	0.0188	0.0188	0.0188	0.0188	0.0337	0.0188	0.0188	0.0188	0.0187	0.0188	0.0188	0.0188	0.0188	0.0188	0.0187	0.0188	0.0188	0.0188	0.0188	0.0188	0.0174	0.0186	0.0188
  P	0.0129	0.0129	0.0129	0.0129	0.0129	0.0193	0.0129	0.0129	0.0132	0.0129	0.0129	0.0127	0.0129	0.0129	0.0129	0	0.0129	0.0321	0.0129	0.0129	0.0129	0.0129	0.0129	0.0129	0.0129	0.0129	0.0129	0.0129	0.0129	0.0129	0.0129	0.0129	0.0129	0.0129	0.0129	0.0129	0.0134	0.0129	0.0129	0.0129	0.0129	0.0129	0.0129	0.0129	0.0129	0.0166	0.0129	0.0129	0.0129	0.0129	0.0129	0.0129	0.0129	0.0129	0.0186	0.0129	0.0129	0.0129	0.0129	0.0129	0.0387	0.0129	0.0416	0.0128	0.0129
  Q	0.0184	0.0184	0.0183	0.0184	0.0183	0.0274	0.0183	0.0184	0.0177	0.0184	0.0184	0.0178	0.0238	0.0184	0.0184	0.0183	0	0.0182	0.0184	0.0183	0.0182	0.0184	0.0184	0.0184	0.0183	0.0184	0.0184	0.0183	0.0183	0.0184	0.0184	0.0184	0.0184	0.0184	0.0183	0.0182	0.0353	0.0184	0.0184	0.0184	0.0247	0.0184	0.0184	0.0184	0.0184	0.0184	0.0337	0.0184	0.0184	0.0184	0.0182	0.0183	0.0184	0.0184	0.0184	0.0183	0.0182	0.0184	0.0184	0.0184	0.0183	0.0184	0.017	0.0182	0.0184
  R	0.0117	0.0117	0.0118	0.0411	0.0117	0.0459	0.0118	0.0117	0.0115	0.0117	0.0118	0.0116	0.0118	0.0185	0.0117	0.0294	0.0118	0	0.0117	0.0118	0.013	0.0247	0.0117	0.0117	0.0117	0.0117	0.0117	0.041	0.0118	0.0117	0.0117	0.0117	0.0117	0.0117	0.0117	0.0117	0.0758	0.0117	0.0117	0.0117	0.0117	0.0117	0.0117	0.0117	0.0117	0.0117	0.0121	0.0117	0.0117	0.0117	0.0117	0.0802	0.0117	0.0118	0.0117	0.0117	0.0117	0.0117	0.0117	0.0117	0.0176	0.0117	0.0278	0.0126	0.0117
  S	0.0167	0.0167	0.0166	0.0167	0.0166	0.0166	0.0166	0.0167	0.0161	0.0167	0.0167	0.0162	0.0167	0.0167	0.0167	0.0166	0.0167	0.0165	0	0.0166	0.0165	0.0167	0.0167	0.0167	0.0166	0.0167	0.0167	0.0166	0.0166	0.0167	0.0167	0.0167	0.0167	0.0167	0.0166	0.0166	0.0165	0.0167	0.0167	0.0167	0.0167	0.0167	0.0167	0.0167	0.0167	0.0167	0.0166	0.0167	0.0167	0.0167	0.0165	0.0166	0.0167	0.0167	0.0167	0.0166	0.0165	0.0167	0.0167	0.0167	0.0166	0.0167	0.0232	0.0165	0.0167
  T	0.0073	0.0073	0.0073	0.0073	0.0073	0.0073	0.0109	0.0073	0.0072	0.0073	0.0073	0.0072	0.0073	0.0073	0.0073	0.0073	0.0073	0.0072	0.0073	0	0.0072	0.0073	0.0073	0.0073	0.0072	0.0073	0.0073	0.0072	0.0073	0.0073	0.0073	0.0073	0.0073	0.0073	0.0073	0.0072	0.0072	0.0073	0.0073	0.0073	0.0073	0.0073	0.008	0.0073	0.0073	0.0073	0.0072	0.0073	0.0073	0.0073	0.0072	0.0072	0.0073	0.0073	0.0073	0.0073	0.0072	0.0073	0.0073	0.0073	0.0073	0.0073	0.0529	0.0072	0.0073
  U	0.007	0.007	0.0112	0.007	0.007	0.0076	0.0073	0.007	0.007	0.007	0.0073	0.081	0.007	0.0083	0.007	0.007	0.007	0.0078	0.007	0.0071	0	0.007	0.007	0.007	0.007	0.007	0.007	0.0105	0.0129	0.007	0.007	0.007	0.007	0.0204	0.007	0.007	0.0392	0.0104	0.007	0.007	0.007	0.007	0.007	0.007	0.007	0.007	0.0074	0.007	0.007	0.007	0.0074	0.007	0.0075	0.007	0.007	0.0097	0.007	0.007	0.007	0.007	0.0106	0.007	0.0425	0.017	0.007
  V	0.0187	0.0187	0.0279	0.0187	0.0187	0.0286	0.0187	0.0187	0.018	0.0187	0.0187	0.0182	0.0187	0.0187	0.0187	0.0187	0.0187	0.0391	0.0187	0.0187	0.0186	0	0.0187	0.0187	0.0187	0.0187	0.0187	0.0186	0.0186	0.0187	0.0187	0.0187	0.0187	0.0187	0.0186	0.0186	0.0276	0.0187	0.0187	0.0187	0.0187	0.0187	0.0187	0.0187	0.0187	0.0187	0.0188	0.0187	0.0187	0.0187	0.0186	0.0187	0.0187	0.0187	0.0187	0.0187	0.0186	0.0187	0.0187	0.0187	0.0187	0.0187	0.0173	0.0185	0.0187
  W	0.018	0.018	0.0179	0.018	0.018	0.018	0.0179	0.018	0.0174	0.018	0.018	0.0175	0.018	0.018	0.018	0.018	0.018	0.0178	0.018	0.018	0.0179	0.018	0	0.018	0.0179	0.018	0.018	0.0179	0.0179	0.018	0.018	0.018	0.018	0.018	0.0179	0.0179	0.0247	0.018	0.018	0.018	0.018	0.018	0.018	0.018	0.018	0.018	0.0179	0.018	0.018	0.018	0.0178	0.0179	0.018	0.018	0.018	0.018	0.0179	0.018	0.018	0.018	0.0179	0.018	0.0187	0.0178	0.018
  X	0.0184	0.0184	0.0248	0.0184	0.0184	0.0183	0.0183	0.0184	0.0177	0.0184	0.0184	0.0185	0.0184	0.0184	0.0184	0.0184	0.0184	0.0182	0.0184	0.0184	0.0182	0.0184	0.0184	0	0.0183	0.0184	0.0184	0.0183	0.0183	0.0184	0.0184	0.0184	0.0184	0.0184	0.0183	0.0274	0.0182	0.0184	0.0184	0.0184	0.0184	0.0184	0.0184	0.0184	0.0184	0.0184	0.0274	0.0184	0.0184	0.0184	0.0182	0.0183	0.0184	0.0184	0.0184	0.0183	0.0182	0.0184	0.0184	0.0184	0.0183	0.0184	0.0188	0.0273	0.0184
  Y	0.0181	0.0181	0.0181	0.0181	0.0181	0.0181	0.0181	0.0181	0.0175	0.0181	0.0182	0.0264	0.0181	0.0181	0.0181	0.0181	0.0181	0.018	0.0181	0.0182	0.018	0.0181	0.0181	0.0181	0	0.0181	0.0181	0.018	0.0181	0.0181	0.0181	0.0181	0.0181	0.0181	0.0181	0.0181	0.018	0.0181	0.0181	0.0181	0.0181	0.0181	0.0181	0.0181	0.0181	0.0181	0.018	0.0181	0.0181	0.0181	0.018	0.0181	0.0181	0.0182	0.0181	0.0181	0.018	0.0181	0.0181	0.0181	0.0181	0.0181	0.0168	0.018	0.0181
  Z	0.0187	0.0187	0.0186	0.0187	0.0187	0.0187	0.0186	0.0187	0.018	0.0187	0.0187	0.0181	0.0187	0.0187	0.0187	0.0187	0.0187	0.0185	0.0187	0.0187	0.0185	0.0187	0.0187	0.0187	0.0186	0	0.0187	0.0186	0.0186	0.0187	0.0187	0.0187	0.0187	0.0187	0.0186	0.0186	0.0185	0.0187	0.0187	0.0187	0.0187	0.0187	0.0187	0.0187	0.0187	0.0187	0.0279	0.0187	0.0187	0.0187	0.0185	0.0186	0.0187	0.0187	0.0187	0.0187	0.0185	0.0187	0.0187	0.0187	0.0186	0.0187	0.0172	0.0185	0.0187
  [	0.0174	0.0174	0.0173	0.0174	0.0173	0.0173	0.0173	0.0174	0.0168	0.0174	0.0174	0.0169	0.0174	0.0174	0.0174	0.0173	0.0174	0.0172	0.0174	0.0173	0.0172	0.0174	0.0174	0.0174	0.0173	0.0174	0	0.0173	0.0173	0.0174	0.0174	0.0174	0.0174	0.0174	0.0173	0.0173	0.0172	0.0174	0.0174	0.0174	0.0174	0.0174	0.0174	0.0174	0.0174	0.0174	0.0173	0.0235	0.0174	0.0174	0.0172	0.0173	0.0174	0.0174	0.0174	0.0173	0.0172	0.0174	0.0174	0.0174	0.0173	0.0174	0.0214	0.0172	0.0174
  \	0.018	0.018	0.0211	0.0265	0.0179	0.027	0.018	0.018	0.0174	0.0249	0.0268	0.0221	0.018	0.018	0.018	0.018	0.018	0.0626	0.018	0.018	0.0269	0.018	0.018	0.018	0.0179	0.018	0.018	0	0.018	0.018	0.018	0.018	0.018	0.018	0.0179	0.0179	0.0802	0.018	0.018	0.018	0.018	0.018	0.018	0.018	0.0269	0.018	0.0179	0.018	0.018	0.018	0.0179	0.0179	0.018	0.018	0.0327	0.018	0.0178	0.018	0.018	0.018	0.0326	0.018	0.0176	0.0178	0.0217
  ]	0.0087	0.0067	0.0115	0.0067	0.0067	0.0067	0.0067	0.0067	0.0099	0.0067	0.0067	0.0283	0.0067	0.0067	0.0067	0.0067	0.0067	0.0066	0.0067	0.0067	0.0121	0.0067	0.0067	0.0067	0.0067	0.0067	0.0067	0.0067	0	0.0067	0.0067	0.01	0.0067	0.0067	0.0067	0.0095	0.0104	0.0067	0.0067	0.0067	0.0067	0.0067	0.0067	0.0067	0.0067	0.0067	0.0257	0.0067	0.0067	0.0067	0.0176	0.0066	0.0067	0.0067	0.0067	0.0233	0.0066	0.0067	0.0067	0.0067	0.01	0.0067	0.0563	0.0259	0.0067
  ^	0.0156	0.0156	0.0156	0.0156	0.0159	0.0156	0.0165	0.0156	0.0151	0.0156	0.0156	0.0386	0.0156	0.0156	0.0156	0.0156	0.0156	0.0155	0.0156	0.0156	0.0155	0.0156	0.0156	0.0156	0.0156	0.0156	0.0156	0.0156	0.0156	0	0.0156	0.0156	0.0156	0.0156	0.0156	0.0261	0.0161	0.0156	0.0156	0.0156	0.0156	0.0156	0.0156	0.0156	0.0156	0.0156	0.0202	0.0156	0.0156	0.0156	0.0155	0.0156	0.0156	0.0156	0.0156	0.0156	0.0155	0.0156	0.0156	0.0156	0.023	0.0156	0.0222	0.0155	0.0156
  _	0.0186	0.0185	0.0185	0.0185	0.0185	0.0185	0.0185	0.0185	0.0179	0.0186	0.0186	0.018	0.0186	0.0185	0.0185	0.0185	0.0185	0.0184	0.0185	0.0185	0.0184	0.0185	0.0185	0.0185	0.0185	0.0185	0.0185	0.0185	0.0185	0.0185	0	0.0185	0.0185	0.0202	0.0185	0.0184	0.0262	0.0186	0.0185	0.0185	0.0186	0.0185	0.0185	0.0185	0.0185	0.0185	0.0184	0.0185	0.0185	0.0186	0.0184	0.0185	0.0185	0.0185	0.0185	0.0185	0.0184	0.0185	0.0185	0.0185	0.0185	0.0185	0.0171	0.0184	0.0185
  `	0.0187	0.0187	0.0187	0.0187	0.0187	0.0187	0.0187	0.0187	0.018	0.0187	0.0187	0.0182	0.0187	0.0187	0.0187	0.0187	0.0187	0.0185	0.0187	0.0187	0.0186	0.0187	0.0187	0.0187	0.0187	0.0187	0.0187	0.0186	0.028	0.0187	0.0187	0	0.0187	0.0187	0.0186	0.0186	0.0185	0.0187	0.0187	0.0187	0.0187	0.0187	0.0187	0.0187	0.0187	0.0187	0.0186	0.0187	0.0187	0.0187	0.0186	0.0187	0.0187	0.0187	0.0187	0.0187	0.0186	0.0187	0.0187	0.0187	0.0187	0.0187	0.0173	0.0185	0.0187
  a	0.0187	0.0187	0.0186	0.0187	0.0187	0.0187	0.0186	0.0187	0.018	0.0187	0.0187	0.0181	0.0187	0.0187	0.0187	0.0187	0.0187	0.0185	0.0187	0.0187	0.0185	0.0187	0.0187	0.0187	0.0186	0.0187	0.0187	0.0186	0.0186	0.0187	0.0187	0.0187	0	0.0187	0.0186	0.0186	0.0185	0.0187	0.0187	0.0187	0.0187	0.0187	0.0187	0.0187	0.0187	0.0187	0.0278	0.0187	0.0187	0.0187	0.0185	0.0186	0.0187	0.0187	0.0187	0.0187	0.0185	0.0187	0.0187	0.0187	0.0186	0.0187	0.0172	0.0185	0.0187
  b	0.0142	0.0142	0.0141	0.0142	0.0142	0.0142	0.0141	0.0142	0.0138	0.0142	0.0142	0.0139	0.0142	0.0142	0.0142	0.0142	0.0142	0.0141	0.0142	0.0142	0.0408	0.0142	0.0142	0.0142	0.0141	0.0142	0.0142	0.0141	0.0141	0.0142	0.0154	0.0142	0.0142	0	0.0141	0.0141	0.038	0.0173	0.0142	0.0142	0.0142	0.0142	0.0142	0.0142	0.0142	0.0142	0.0141	0.0142	0.0142	0.0142	0.0141	0.0141	0.0146	0.0142	0.0142	0.0142	0.0141	0.0142	0.0142	0.0142	0.0141	0.0142	0.0333	0.0178	0.0142
  c	0.0103	0.0103	0.0111	0.0103	0.0103	0.0103	0.0103	0.0103	0.0425	0.0103	0.0104	0.0102	0.0103	0.0103	0.0103	0.0103	0.0103	0.0103	0.0103	0.0104	0.0103	0.0103	0.0103	0.0103	0.0103	0.0103	0.0103	0.0103	0.0103	0.0103	0.0103	0.0103	0.0103	0.0103	0	0.0103	0.0103	0.0103	0.0103	0.0103	0.0103	0.0103	0.0112	0.0103	0.0103	0.0103	0.0103	0.0103	0.0104	0.0103	0.0109	0.0103	0.0103	0.0103	0.0103	0.0103	0.0103	0.0103	0.0103	0.0103	0.0103	0.0103	0.0376	0.0103	0.0103
  d	0.0099	0.0099	0.0099	0.0099	0.0371	0.0099	0.0099	0.0125	0.0098	0.0099	0.0099	0.0935	0.0099	0.0099	0.0099	0.0099	0.0099	0.0099	0.0099	0.0099	0.0099	0.0099	0.0099	0.0149	0.0099	0.0099	0.0099	0.0099	0.0142	0.0166	0.0099	0.0099	0.0099	0.0099	0.0099	0	0.0107	0.0099	0.0099	0.0099	0.0099	0.0099	0.0099	0.0099	0.0099	0.0099	0.083	0.0099	0.0099	0.0099	0.0174	0.0099	0.0099	0.0099	0.0099	0.0138	0.0195	0.0099	0.0099	0.0099	0.0099	0.0099	0.0135	0.0285	0.0099
  e	0.0043	0.0043	0.0138	0.0043	0.0044	0.0187	0.0044	0.0043	0.0044	0.0043	0.0054	0.0073	0.01	0.0055	0.0044	0.0046	0.0084	0.0281	0.0043	0.0044	0.0243	0.0065	0.006	0.0043	0.0043	0.0043	0.0043	0.0195	0.0068	0.0045	0.0062	0.0043	0.0043	0.0118	0.0044	0.0047	0	0.0071	0.0043	0.0043	0.0048	0.0045	0.0043	0.0065	0.0043	0.0043	0.0319	0.0043	0.005	0.0053	0.0049	0.0043	0.005	0.0067	0.0043	0.0048	0.0087	0.0043	0.0067	0.0043	0.01	0.0043	0.0806	0.0126	0.0063
  f	0.0162	0.0162	0.0187	0.0162	0.0162	0.0162	0.0162	0.0162	0.0157	0.0162	0.0162	0.0209	0.0162	0.0162	0.0162	0.0162	0.0162	0.0161	0.0162	0.0162	0.0238	0.0162	0.0162	0.0162	0.0162	0.0162	0.0162	0.0161	0.0162	0.0162	0.0162	0.0162	0.0162	0.0198	0.0161	0.0161	0.0262	0	0.0162	0.0162	0.0162	0.0162	0.0162	0.0162	0.0162	0.0162	0.0161	0.0162	0.0162	0.0162	0.0161	0.0162	0.0164	0.0162	0.0162	0.0162	0.0161	0.0162	0.0162	0.0162	0.0162	0.0162	0.0238	0.0202	0.0162
  g	0.018	0.018	0.0269	0.018	0.018	0.018	0.0181	0.018	0.0173	0.018	0.018	0.0251	0.018	0.018	0.018	0.018	0.018	0.0178	0.018	0.018	0.0178	0.018	0.018	0.018	0.0179	0.018	0.018	0.0179	0.0179	0.018	0.018	0.018	0.018	0.018	0.0179	0.0179	0.0178	0.018	0	0.018	0.018	0.018	0.018	0.018	0.018	0.018	0.0179	0.018	0.018	0.018	0.0178	0.0179	0.018	0.018	0.018	0.018	0.0179	0.018	0.018	0.018	0.0179	0.018	0.0175	0.0178	0.018
  h	0.0188	0.0188	0.0187	0.0188	0.0188	0.0188	0.0187	0.0188	0.0181	0.0188	0.0282	0.0182	0.0188	0.0188	0.0188	0.0188	0.0188	0.0186	0.0188	0.0188	0.0186	0.0188	0.0188	0.0188	0.0187	0.0188	0.0188	0.0187	0.0187	0.0188	0.0188	0.0188	0.0188	0.0188	0.0187	0.0187	0.0186	0.0188	0.0188	0	0.0188	0.0188	0.0188	0.0188	0.0188	0.0188	0.0187	0.0188	0.0188	0.0188	0.0186	0.0187	0.0188	0.0188	0.0188	0.0188	0.0186	0.0188	0.0188	0.0188	0.0187	0.0188	0.0173	0.0186	0.0188
  i	0.0188	0.0188	0.0187	0.0188	0.0188	0.0188	0.0187	0.0188	0.0181	0.0188	0.0188	0.0182	0.0218	0.0188	0.0188	0.0188	0.0252	0.0186	0.0188	0.0188	0.0186	0.0188	0.0188	0.0188	0.0187	0.0188	0.0188	0.0187	0.0187	0.0188	0.0188	0.0188	0.0188	0.0188	0.0187	0.0187	0.0206	0.0188	0.0188	0.0188	0	0.0188	0.0188	0.0188	0.0188	0.0188	0.0187	0.0188	0.0188	0.0188	0.0186	0.0187	0.0188	0.0188	0.0188	0.0188	0.0187	0.0188	0.0188	0.0188	0.0187	0.0188	0.0173	0.0186	0.0188
  j	0.0168	0.0168	0.0168	0.0168	0.0168	0.0168	0.0168	0.0168	0.0163	0.0168	0.0168	0.0164	0.0168	0.0168	0.0168	0.0168	0.0168	0.0167	0.0168	0.0168	0.0167	0.0168	0.0168	0.0168	0.0168	0.0168	0.0168	0.0168	0.0168	0.0168	0.0168	0.0168	0.0168	0.0168	0.0168	0.0167	0.0174	0.0168	0.0168	0.0168	0.0168	0	0.0168	0.0168	0.0168	0.0168	0.0167	0.0168	0.0168	0.0168	0.0167	0.0168	0.0168	0.0169	0.0168	0.0168	0.0167	0.0168	0.0168	0.0168	0.0168	0.0168	0.0227	0.0167	0.0168
  k	0.0143	0.0143	0.0155	0.0143	0.0143	0.0143	0.0143	0.0143	0.0154	0.0143	0.0144	0.014	0.0143	0.0143	0.0143	0.0143	0.0143	0.0142	0.0143	0.0157	0.0142	0.0143	0.0143	0.0143	0.0143	0.0143	0.0143	0.0143	0.0143	0.0143	0.0143	0.0143	0.0143	0.0143	0.0155	0.0143	0.0142	0.0143	0.0144	0.0143	0.0143	0.0143	0	0.0143	0.0143	0.0143	0.0143	0.0143	0.0155	0.0143	0.0142	0.0143	0.0143	0.0143	0.0143	0.0143	0.0143	0.0143	0.0143	0.0143	0.0143	0.0143	0.0302	0.0142	0.0143
  l	0.0185	0.0185	0.0184	0.0185	0.0185	0.0185	0.0184	0.0185	0.0178	0.0185	0.0185	0.0179	0.0185	0.0185	0.0185	0.0185	0.0185	0.0183	0.0185	0.0185	0.0183	0.0185	0.0185	0.0185	0.0184	0.0185	0.0185	0.0184	0.0184	0.0185	0.0185	0.0185	0.0185	0.0185	0.0184	0.0184	0.0274	0.0185	0.0185	0.0185	0.0185	0.0185	0.0185	0	0.0185	0.0185	0.0184	0.0185	0.0185	0.0185	0.0183	0.0184	0.0185	0.0185	0.0185	0.0185	0.0184	0.0185	0.0185	0.0185	0.0184	0.0185	0.0171	0.0183	0.0185
  m	0.0187	0.0187	0.0187	0.0187	0.0187	0.0187	0.0187	0.0187	0.018	0.0187	0.0187	0.0182	0.0187	0.0187	0.0187	0.0187	0.0187	0.0185	0.0187	0.0187	0.0186	0.0187	0.0187	0.0187	0.0187	0.0187	0.0187	0.0279	0.0186	0.0187	0.0187	0.0187	0.0187	0.0187	0.0186	0.0186	0.0185	0.0187	0.0187	0.0187	0.0187	0.0187	0.0187	0.0187	0	0.0187	0.0186	0.0187	0.0187	0.0187	0.0186	0.0187	0.0187	0.0187	0.0187	0.0187	0.0186	0.0187	0.0187	0.0187	0.0187	0.0187	0.0173	0.0185	0.0187
  n	0.0189	0.0189	0.0188	0.0189	0.0189	0.0189	0.0188	0.0189	0.0182	0.0189	0.0189	0.0183	0.0189	0.0189	0.0189	0.0242	0.0189	0.0187	0.0189	0.0189	0.0187	0.0189	0.0189	0.0189	0.0188	0.0189	0.0189	0.0188	0.0188	0.0189	0.0189	0.0189	0.0189	0.0189	0.0188	0.0188	0.0186	0.0189	0.0189	0.0189	0.0189	0.0189	0.0189	0.0189	0.0189	0	0.0188	0.0189	0.0189	0.0189	0.0187	0.0188	0.0189	0.0189	0.0243	0.0189	0.0187	0.0189	0.0189	0.0189	0.0188	0.0189	0.0174	0.0187	0.0189
  o	0.0096	0.0096	0.0111	0.0096	0.0372	0.0297	0.0097	0.0118	0.0095	0.0096	0.0097	0.0351	0.0098	0.0097	0.0173	0.0097	0.0178	0.0099	0.0096	0.0097	0.0101	0.0097	0.0096	0.0145	0.0096	0.0144	0.0096	0.0096	0.0373	0.0125	0.0096	0.0096	0.0144	0.0097	0.0096	0.0807	0.0706	0.0097	0.0096	0.0096	0.0096	0.0096	0.0096	0.0096	0.0096	0.0096	0	0.0096	0.0099	0.0097	0.0115	0.0096	0.0096	0.0097	0.0096	0.0317	0.0096	0.0096	0.0096	0.0096	0.0097	0.0096	0.0457	0.0154	0.0096
  p	0.0174	0.0174	0.0173	0.0174	0.0174	0.0173	0.0173	0.0174	0.0168	0.0174	0.0174	0.0169	0.0174	0.0174	0.0174	0.0174	0.0174	0.0172	0.0174	0.0174	0.0172	0.0174	0.0174	0.0174	0.0173	0.0174	0.0235	0.0173	0.0173	0.0174	0.0174	0.0174	0.0174	0.0174	0.0173	0.0173	0.0172	0.0174	0.0174	0.0174	0.0174	0.0174	0.0174	0.0174	0.0174	0.0174	0.0173	0	0.0174	0.0174	0.0172	0.0173	0.0174	0.0174	0.0174	0.0173	0.0172	0.0174	0.0174	0.0174	0.0173	0.0174	0.0214	0.0172	0.0174
  q	0.0137	0.0137	0.0221	0.0137	0.0137	0.0137	0.0205	0.0137	0.0133	0.0137	0.0137	0.0201	0.0137	0.0137	0.0137	0.0137	0.0137	0.0136	0.0137	0.0138	0.0136	0.0137	0.0137	0.0137	0.0137	0.0137	0.0137	0.0136	0.0136	0.0137	0.0137	0.0137	0.0137	0.0137	0.0137	0.0136	0.0157	0.0137	0.0137	0.0137	0.0137	0.0137	0.0148	0.0137	0.0137	0.0137	0.014	0.0137	0	0.0137	0.014	0.0136	0.0137	0.0137	0.0137	0.0137	0.0136	0.0137	0.0137	0.0137	0.0137	0.0137	0.0336	0.0136	0.0137
  r	0.014	0.014	0.014	0.014	0.014	0.014	0.014	0.014	0.0136	0.014	0.014	0.0137	0.014	0.014	0.014	0.014	0.014	0.0139	0.014	0.014	0.0139	0.014	0.014	0.014	0.014	0.014	0.014	0.0139	0.0139	0.014	0.014	0.014	0.014	0.014	0.0139	0.0139	0.017	0.014	0.014	0.014	0.014	0.014	0.014	0.014	0.014	0.014	0.0139	0.014	0.014	0	0.0139	0.014	0.014	0.014	0.014	0.014	0.0139	0.014	0.014	0.014	0.014	0.014	0.0329	0.0139	0.0224
  s	0.0071	0.0071	0.0123	0.0071	0.0071	0.0071	0.0073	0.0071	0.0142	0.0071	0.0072	0.06	0.0071	0.0071	0.0071	0.0071	0.0071	0.0071	0.0071	0.0072	0.0075	0.0071	0.0071	0.0071	0.0071	0.0071	0.0071	0.0071	0.0189	0.0071	0.0071	0.0071	0.0071	0.0071	0.0075	0.0125	0.0081	0.0071	0.0071	0.0071	0.0071	0.0071	0.0071	0.0071	0.0071	0.0071	0.0085	0.0071	0.0073	0.0071	0	0.0071	0.0071	0.0071	0.0071	0.0112	0.0071	0.0071	0.0071	0.0071	0.0071	0.0071	0.0566	0.0072	0.0071
  t	0.0184	0.0184	0.0184	0.0184	0.0184	0.0185	0.0184	0.0184	0.0178	0.0184	0.0185	0.0179	0.0184	0.0185	0.0184	0.0184	0.0184	0.1255	0.0184	0.0185	0.0183	0.0184	0.0184	0.0184	0.0184	0.0184	0.0184	0.0183	0.0184	0.0184	0.0184	0.0184	0.0184	0.0184	0.0184	0.0184	0.0183	0.0184	0.0184	0.0184	0.0184	0.0184	0.0184	0.0184	0.0184	0.0184	0.0183	0.0184	0.0184	0.0185	0.0183	0	0.0184	0.0185	0.0184	0.0184	0.0183	0.0184	0.0184	0.0184	0.0184	0.0184	0.0171	0.0183	0.0184
  u	0.0185	0.0185	0.0184	0.0185	0.0185	0.0185	0.0185	0.0185	0.0178	0.0185	0.0185	0.018	0.0185	0.0185	0.0185	0.0185	0.0185	0.0183	0.0185	0.0185	0.0196	0.0185	0.0185	0.0185	0.0185	0.0185	0.0185	0.0184	0.0184	0.0185	0.0185	0.0185	0.0185	0.019	0.0184	0.0184	0.0211	0.0187	0.0185	0.0185	0.0185	0.0185	0.0185	0.0185	0.0185	0.0185	0.0184	0.0185	0.0185	0.0185	0.0183	0.0184	0	0.0185	0.0185	0.0185	0.0184	0.0185	0.0185	0.0185	0.0185	0.0185	0.0171	0.0246	0.0185
  v	0.012	0.012	0.0119	0.012	0.012	0.0119	0.0119	0.012	0.0117	0.012	0.012	0.0117	0.012	0.012	0.012	0.012	0.012	0.012	0.012	0.012	0.0119	0.012	0.012	0.012	0.0119	0.012	0.012	0.0119	0.0119	0.012	0.012	0.012	0.012	0.012	0.0119	0.0119	0.0183	0.012	0.012	0.012	0.012	0.012	0.012	0.012	0.012	0.012	0.0119	0.012	0.012	0.012	0.0119	0.0119	0.012	0	0.012	0.0119	0.0119	0.012	0.012	0.012	0.0119	0.012	0.0394	0.0119	0.012
  w	0.0172	0.0172	0.0171	0.0172	0.0171	0.0171	0.0171	0.0172	0.0166	0.0172	0.0172	0.0167	0.0172	0.0172	0.0172	0.0247	0.0172	0.017	0.0172	0.0171	0.017	0.0172	0.0172	0.0172	0.0171	0.0172	0.0172	0.0311	0.0171	0.0172	0.0172	0.0172	0.0172	0.0172	0.0171	0.0171	0.017	0.0172	0.0172	0.0172	0.0172	0.0172	0.0172	0.0172	0.0172	0.0221	0.0171	0.0172	0.0172	0.0172	0.017	0.0171	0.0172	0.0172	0	0.0171	0.017	0.0172	0.0172	0.0172	0.0236	0.0172	0.0239	0.017	0.0171
  x	0.0147	0.0147	0.0162	0.0147	0.0147	0.0147	0.0147	0.0149	0.0143	0.0147	0.0147	0.035	0.0147	0.0147	0.0147	0.0147	0.0147	0.0146	0.0147	0.0147	0.0201	0.0147	0.0147	0.0147	0.0147	0.0147	0.0147	0.0147	0.0514	0.0147	0.0147	0.0147	0.0147	0.0147	0.0147	0.0204	0.0161	0.0147	0.0147	0.0147	0.0147	0.0147	0.0147	0.0147	0.0147	0.0147	0.0482	0.0147	0.0147	0.0147	0.023	0.0147	0.0147	0.0147	0.0147	0	0.0146	0.0147	0.0147	0.0147	0.0147	0.0147	0.0293	0.0172	0.0147
  y	0.0161	0.0161	0.0177	0.0161	0.0167	0.0169	0.0161	0.0161	0.0157	0.0161	0.0201	0.0236	0.0161	0.0161	0.0161	0.0161	0.0161	0.016	0.0161	0.0162	0.0161	0.0161	0.0161	0.0161	0.016	0.0161	0.0161	0.016	0.0161	0.0161	0.0161	0.0161	0.0161	0.0161	0.0161	0.0318	0.0321	0.0161	0.0161	0.0161	0.0161	0.0161	0.0161	0.0161	0.0161	0.0161	0.0161	0.0161	0.0161	0.0161	0.016	0.016	0.0161	0.0161	0.0161	0.0161	0	0.0161	0.0161	0.0161	0.0241	0.0161	0.0263	0.016	0.0161
  z	0.0188	0.0188	0.0187	0.0188	0.0188	0.0188	0.0187	0.0188	0.0181	0.0188	0.0188	0.0182	0.0188	0.0188	0.0188	0.0188	0.0188	0.0186	0.0188	0.0188	0.0186	0.0188	0.0188	0.0188	0.0187	0.0188	0.0188	0.0187	0.0187	0.0188	0.0188	0.0188	0.0188	0.0188	0.0187	0.0187	0.0185	0.0188	0.0188	0.0188	0.0188	0.0188	0.0188	0.0188	0.0188	0.0188	0.0187	0.0188	0.0188	0.0188	0.0186	0.0187	0.0188	0.0188	0.0188	0.0188	0.0186	0	0.0188	0.0188	0.0281	0.0188	0.0173	0.0186	0.0188
  {	0.017	0.017	0.0169	0.017	0.017	0.0169	0.0169	0.017	0.0164	0.017	0.017	0.0165	0.017	0.017	0.017	0.017	0.017	0.0168	0.017	0.017	0.0168	0.017	0.017	0.017	0.0169	0.017	0.017	0.0169	0.0169	0.017	0.017	0.017	0.017	0.017	0.0169	0.0169	0.0258	0.017	0.017	0.017	0.017	0.017	0.017	0.017	0.017	0.017	0.0169	0.017	0.017	0.017	0.0168	0.0169	0.017	0.017	0.017	0.0169	0.0168	0.017	0	0.017	0.0185	0.017	0.0221	0.0168	0.017
  |	0.0188	0.0188	0.0187	0.0188	0.0188	0.0187	0.0281	0.0188	0.0181	0.0188	0.0188	0.0182	0.0188	0.0188	0.0188	0.0188	0.0188	0.0186	0.0188	0.0188	0.0186	0.0188	0.0188	0.0188	0.0187	0.0188	0.0188	0.0187	0.0187	0.0188	0.0188	0.0188	0.0188	0.0188	0.0187	0.0187	0.0185	0.0188	0.0188	0.0188	0.0188	0.0188	0.0188	0.0188	0.0188	0.0188	0.0187	0.0188	0.0188	0.0188	0.0186	0.0187	0.0188	0.0188	0.0188	0.0187	0.0186	0.0188	0.0188	0	0.0187	0.0188	0.0173	0.0186	0.0188
  }	0.0094	0.0094	0.0094	0.0094	0.0094	0.0094	0.0105	0.0094	0.0093	0.0094	0.0142	0.0139	0.0094	0.0094	0.0094	0.0282	0.0094	0.014	0.0094	0.0094	0.0141	0.0094	0.0094	0.0094	0.0094	0.0094	0.0094	0.017	0.0141	0.0139	0.0094	0.0094	0.0094	0.0094	0.0094	0.0094	0.0215	0.0094	0.0094	0.0094	0.0094	0.0094	0.0094	0.0094	0.0094	0.0094	0.0094	0.0094	0.0094	0.0094	0.0094	0.0094	0.0094	0.0094	0.013	0.0094	0.014	0.0141	0.0103	0.0094	0	0.0094	0.0497	0.0094	0.0094
  ~	0.0171	0.0171	0.017	0.0171	0.017	0.017	0.0221	0.0171	0.0165	0.0171	0.0171	0.0166	0.0171	0.0171	0.0171	0.017	0.0171	0.0169	0.0171	0.017	0.0169	0.0171	0.0171	0.0171	0.017	0.0171	0.0171	0.017	0.017	0.0171	0.0171	0.0171	0.0171	0.0171	0.017	0.017	0.0169	0.0171	0.0171	0.0171	0.0171	0.0171	0.0171	0.0171	0.0171	0.0171	0.017	0.0171	0.0171	0.0171	0.0169	0.017	0.0171	0.0171	0.0171	0.017	0.0169	0.0171	0.0171	0.0171	0.017	0	0.022	0.0169	0.017
  	0.0057	0.0094	0.0341	0.0047	0.0047	0.0059	0.0423	0.0047	0.3161	0.0048	0.0202	0.0625	0.0047	0.007	0.0047	0.0164	0.0047	0.012	0.0071	0.0371	0.0306	0.0047	0.0053	0.0052	0.0047	0.0047	0.0063	0.005	0.0429	0.0072	0.0047	0.0047	0.0047	0.012	0.0185	0.0069	0.0936	0.0075	0.005	0.0047	0.0047	0.0069	0.0107	0.0047	0.0047	0.0047	0.024	0.0063	0.0125	0.012	0.0402	0.0047	0.0047	0.0168	0.0071	0.0101	0.0083	0.0047	0.0066	0.0047	0.0269	0.0066	0	0.0048	0.0049
  	0.0126	0.0126	0.0155	0.0126	0.0126	0.0126	0.0126	0.0314	0.0186	0.0126	0.0126	0.1014	0.0126	0.0147	0.0126	0.0126	0.0126	0.0136	0.0126	0.0126	0.0305	0.0126	0.0126	0.0189	0.0126	0.0126	0.0126	0.0125	0.0492	0.0126	0.0126	0.0126	0.0126	0.016	0.0126	0.0364	0.0364	0.0158	0.0126	0.0126	0.0126	0.0126	0.0126	0.0126	0.0126	0.0126	0.0202	0.0126	0.0126	0.0126	0.0127	0.0125	0.0169	0.0126	0.0126	0.0148	0.0125	0.0126	0.0126	0.0126	0.0126	0.0126	0.012	0	0.0126
  	0.0186	0.0186	0.0222	0.0186	0.0186	0.0186	0.0187	0.0186	0.018	0.0198	0.0235	0.0181	0.0186	0.0186	0.0186	0.0186	0.0186	0.0185	0.0186	0.0186	0.0185	0.0186	0.0186	0.0186	0.0186	0.0186	0.0186	0.0224	0.0186	0.0186	0.0186	0.0186	0.0186	0.0186	0.0186	0.0185	0.0269	0.0186	0.0186	0.0186	0.0186	0.0186	0.0186	0.0186	0.0186	0.0186	0.0185	0.0186	0.0186	0.0298	0.0185	0.0186	0.0186	0.0186	0.0186	0.0186	0.0185	0.0186	0.0186	0.0186	0.0186	0.0186	0.0179	0.0184	0
