Map from character to field name
A:	17os4133
B:	708
C:	alaska
D:	alb
E:	alberta
F:	barrow
G:	british_columbia
H:	california
I:	canada
J:	delaware
K:	delaware_bay
L:	georgia
M:	guatemala
N:	idaho
O:	illinois
P:	interior_alaska
Q:	iowa
R:	kansas
S:	louisiana
T:	maine
U:	manitoba
V:	maryland
W:	michigan
X:	minnesota
Y:	mississippi
Z:	missouri
[:	mn
\:	nevada
]:	new_brunswick
^:	new_hampshire
_:	new_jersey
`:	new_york
a:	newfoundland
b:	nj
c:	north_carolina
d:	north_dakota
e:	nova_scotia
f:	nunavet
g:	ny
h:	ohio
i:	ontario
j:	pennsylvania
k:	prince_edward_island
l:	quebec
m:	saskatchewan
n:	south_carolina
o:	south_dakota
p:	southcentral_alaska
q:	texas
r:	utah
s:	vermont
t:	washington
u:	wisconsin
v:	?


Substitution rate (mu): 56.934863

Equilibrium frequencies (pi_i):
  A: 0.0209
  B: 0.0211
  C: 0.0128
  D: 0.0129
  E: 0.0134
  F: 0.021
  G: 0.0192
  H: 0.0157
  I: 0.0205
  J: 0.0202
  K: 0.018
  L: 0.0205
  M: 0.0183
  N: 0.0187
  O: 0.0182
  P: 0.0168
  Q: 0.0191
  R: 0.0199
  S: 0.0194
  T: 0.0201
  U: 0.0205
  V: 0.0162
  W: 0.0197
  X: 0.012
  Y: 0.0206
  Z: 0.0154
  [: 0.0189
  \: 0.021
  ]: 0.0207
  ^: 0.0208
  _: 0.0179
  `: 0.0207
  a: 0.0211
  b: 0.0205
  c: 0.0211
  d: 0.0202
  e: 0.0205
  f: 0.0213
  g: 0.0197
  h: 0.0102
  i: 0.021
  j: 0.0215
  k: 0.0218
  l: 0.02
  m: 0.0189
  n: 0.0209
  o: 0.0206
  p: 0.021
  q: 0.0153
  r: 0.0211
  s: 0.0211
  t: 0.0194
  u: 0.0119

Symmetrized rates from j->i (W_ij):
	A	B	C	D	E	F	G	H	I	J	K	L	M	N	O	P	Q	R	S	T	U	V	W	X	Y	Z	[	\	]	^	_	`	a	b	c	d	e	f	g	h	i	j	k	l	m	n	o	p	q	r	s	t	u
  A	0	0.9455	0.9437	0.9505	0.9404	0.9455	0.9454	0.9458	0.9457	0.9457	0.9431	0.9453	0.9457	0.9463	0.9462	0.9429	0.9459	0.9458	0.9455	0.9452	0.9457	0.9454	0.9456	0.9452	0.9462	1.2709	0.9454	0.9456	0.9452	0.954	0.9462	0.9558	0.9455	0.9455	0.9455	0.946	0.9457	0.9455	0.9497	1.0439	0.9455	0.9456	0.9456	0.9455	0.9454	0.9455	0.9457	0.9457	0.9454	0.9461	0.9457	0.9461	1.0226
  B	0.9455	0	0.9436	0.9502	0.9382	0.9454	0.9453	0.9456	0.9455	0.9457	0.9429	0.9452	0.9455	0.9462	0.9458	0.9428	0.9457	0.9456	0.9454	0.9451	0.9456	1.4184	0.9455	0.9446	0.9462	0.9459	0.9453	0.9455	0.9452	0.9459	0.945	0.946	0.9454	0.9454	0.9454	0.9458	0.9456	0.9454	0.9493	0.9424	0.9454	0.9455	0.9456	0.9454	0.9452	0.9454	0.9456	0.9456	0.945	0.946	0.9455	0.946	0.9477
  C	0.9437	0.9436	0	0.9853	5.9037	1.4087	0.9439	1.3359	0.9439	0.9441	0.9428	0.9435	0.945	0.9458	0.9489	6.5067	0.9441	0.9441	0.9445	0.9436	0.9854	0.9815	0.9444	1.9331	0.9449	0.9457	0.9443	0.9437	0.9448	0.944	0.944	0.944	0.9436	0.9437	0.9437	0.9443	0.9439	0.9436	0.9467	1.1028	0.9437	0.9436	0.9437	0.9437	0.9438	0.9436	0.9437	0.9437	1.053	0.9443	0.9436	1.4253	1.0289
  D	0.9505	0.9502	0.9853	0	5.0445	0.9502	0.9499	0.9512	0.9506	0.9504	0.9508	0.9499	0.9519	0.9514	0.9532	0.9486	0.9536	0.9516	0.9503	0.95	0.9505	0.951	0.9505	1.0454	0.9513	0.9524	0.9502	0.9502	1.1279	0.9509	0.951	0.9509	0.9502	0.9501	0.9502	0.9506	0.951	0.9502	0.9846	0.9665	0.9502	0.9503	0.9518	0.951	1.4396	0.9501	0.9502	0.9503	0.9534	0.9506	0.9503	0.9507	2.7374
  E	0.9404	0.9382	5.9037	5.0445	0	0.9466	1.643	2.9838	0.9402	1.4117	2.5702	0.9382	1.0166	1.8365	0.9466	2.8424	0.9405	1.0068	1.7734	0.9392	0.9416	1.242	1.3029	3.5895	1.054	2.2365	1.2368	0.9387	1.1045	0.94	0.957	0.9401	0.9381	0.9707	0.9382	0.9464	0.9508	0.938	0.9621	2.4807	0.9382	0.9383	0.9522	0.9419	1.3781	0.9381	0.9386	0.9383	3.3061	0.9398	0.9383	1.5943	4.0162
  F	0.9455	0.9454	1.4087	0.9502	0.9466	0	0.9453	0.9456	0.9455	0.9456	0.9429	0.9452	0.9455	0.9462	0.9458	0.943	0.9457	0.9456	0.9454	0.945	0.9456	0.9451	0.9455	0.9444	0.9461	0.9458	0.9453	0.9455	0.945	0.9459	0.945	0.9459	0.9454	0.9454	0.9454	0.9458	0.9455	0.9454	0.9493	0.9422	0.9454	0.9455	0.9455	0.9454	0.9452	0.9454	0.9455	0.9456	0.9451	0.946	0.9455	0.946	0.9477
  G	0.9454	0.9453	0.9439	0.9499	1.643	0.9453	0	0.9458	0.9455	0.9455	0.9463	0.9452	0.9456	0.9464	0.9457	0.943	0.9456	0.9456	0.9454	0.945	0.9455	0.9467	0.9455	0.9926	0.9462	0.946	0.9456	0.9454	0.9453	0.9458	0.945	0.9459	0.9453	0.9453	0.9453	0.9458	0.9455	0.9453	0.949	1.1263	0.9453	0.9454	0.9455	0.9453	0.9452	0.9453	0.9455	0.9455	0.9453	0.9459	0.9454	0.946	0.9483
  H	0.9458	0.9456	1.3359	0.9512	2.9838	0.9456	0.9458	0	0.9465	0.9462	0.9444	0.9455	1.3297	2.3402	0.9919	1.5291	0.9488	0.9461	0.9562	0.9456	0.9459	0.9476	0.9463	1.9706	0.9485	1.2584	0.9475	1.4052	1.6764	0.9461	0.9461	0.9462	0.9457	0.9457	0.9456	1.066	0.9467	0.9456	0.9496	0.9731	0.9456	0.9459	0.9462	0.9458	0.9494	0.9456	0.9458	0.9458	1.6077	1.2867	0.9458	1.4378	1.3464
  I	0.9457	0.9455	0.9439	0.9506	0.9402	0.9455	0.9455	0.9465	0	0.9461	0.9443	0.9453	0.9459	0.9543	0.961	0.9431	0.9461	0.9457	0.9455	0.9456	0.9458	0.9478	0.9457	1.3291	0.9463	0.9464	0.946	0.9457	1.2779	0.9461	1.3333	0.9461	0.9456	0.9456	0.9455	0.9676	1.1403	0.9456	0.9497	1.3438	0.9455	0.9456	0.9465	0.9457	0.9455	0.9455	0.9457	0.9458	0.9457	0.9461	0.9456	0.9461	1.0317
  J	0.9457	0.9457	0.9441	0.9504	1.4117	0.9456	0.9455	0.9462	0.9461	0	0.9435	0.9454	0.9459	0.9466	0.9491	0.9432	0.946	0.9458	0.9457	0.9456	0.9459	1.2123	0.9458	1.116	0.9465	0.9463	0.9463	0.9457	1.2278	0.9461	1.4194	0.9461	0.9456	0.9456	0.9457	0.9463	1.0158	0.9456	0.9494	1.0006	0.9457	0.9456	1.0408	0.9683	0.9454	0.9456	0.9457	0.9458	0.9457	0.9461	0.9457	0.9462	0.9539
  K	0.9431	0.9429	0.9428	0.9508	2.5702	0.9429	0.9463	0.9444	0.9443	0.9435	0	2.3721	0.9437	0.9446	0.9439	0.9414	1.0053	0.9434	0.9433	0.9436	0.9432	0.953	0.9434	1.448	0.944	0.9479	0.9438	0.943	0.9549	0.9435	9.3417	0.9435	0.9506	1.5714	0.9429	0.9436	0.9443	0.9429	0.9467	1.1895	0.9429	0.9429	0.9434	0.9456	0.9431	1.4152	0.9431	0.9433	0.9445	0.9434	0.943	0.9439	0.9753
  L	0.9453	0.9452	0.9435	0.9499	0.9382	0.9452	0.9452	0.9455	0.9453	0.9454	2.3721	0	0.9454	0.946	0.9456	0.9427	0.9456	0.9454	0.9452	0.9449	0.9454	0.945	0.9453	0.9444	0.9459	0.9457	0.9452	0.9453	0.9449	0.9457	0.9479	0.9457	0.9452	0.9452	0.9452	0.9456	0.9454	0.9452	0.949	0.9423	0.9452	0.9453	0.9453	0.9452	0.9451	0.9464	0.9454	0.9454	0.9449	0.9458	0.9453	0.9458	0.9476
  M	0.9457	0.9455	0.945	0.9519	1.0166	0.9455	0.9456	1.3297	0.9459	0.9459	0.9437	0.9454	0	1.1486	1.468	0.944	0.9471	0.9458	0.9463	0.9455	0.9459	0.9459	0.946	1.4705	1.3055	1.0017	0.9458	0.9459	0.9493	0.9462	0.9458	0.9462	0.9455	0.9455	0.9455	1.0695	0.9458	0.9455	0.9506	1.419	0.9455	0.9457	0.9457	0.9456	0.9455	0.9455	0.9458	0.9457	3.54	0.9464	0.9456	0.9468	1.6229
  N	0.9463	0.9462	0.9458	0.9514	1.8365	0.9462	0.9464	2.3402	0.9543	0.9466	0.9446	0.946	1.1486	0	1.0432	0.9449	0.9465	0.9465	0.9466	0.9461	0.9464	0.9471	0.9466	1.174	1.2817	1.156	0.9471	1.0496	0.9637	0.9467	0.9462	0.9468	0.9462	0.9462	0.9462	0.9678	0.9467	0.9462	0.9498	1.0801	0.9462	0.9463	0.9465	0.9462	0.9462	0.9462	0.9464	0.9463	0.9491	0.9489	0.9463	0.9493	0.9528
  O	0.9462	0.9458	0.9489	0.9532	0.9466	0.9458	0.9457	0.9919	0.961	0.9491	0.9439	0.9456	1.468	1.0432	0	1.4097	1.1861	0.9462	0.946	0.9459	0.9462	0.9586	0.9459	1.4786	0.947	1.0895	0.9465	0.9464	0.9682	0.9469	0.9468	0.947	0.9458	0.9458	0.9458	0.9754	0.9464	0.9458	0.9527	2.5239	0.9458	0.946	0.9461	0.9462	0.9458	0.9458	0.9462	0.9459	1.0507	0.9464	0.9459	0.9464	2.2791
  P	0.9429	0.9428	6.5067	0.9486	2.8424	0.943	0.943	1.5291	0.9431	0.9432	0.9414	0.9427	0.944	0.9449	1.4097	0	0.9433	0.9432	0.9432	0.9427	0.9433	0.944	0.9433	1.0966	0.9439	0.9448	0.9431	0.943	1.1531	0.9432	0.943	0.9433	0.9428	0.9428	0.9428	0.9435	0.9434	0.9428	0.9462	0.9425	0.9428	0.9428	0.943	0.943	0.943	0.9428	0.943	0.943	0.9453	0.9436	0.9429	0.9444	0.9471
  Q	0.9459	0.9457	0.9441	0.9536	0.9405	0.9457	0.9456	0.9488	0.9461	0.946	1.0053	0.9456	0.9471	0.9465	1.1861	0.9433	0	0.9461	0.9463	1.4237	0.946	0.9458	0.946	0.9481	0.9464	0.9477	0.9456	0.9458	0.9462	0.9464	1.3259	0.9464	0.9458	0.9458	0.9457	0.9462	0.9459	0.9457	0.9529	0.9507	0.9457	0.9466	0.9459	1.0659	0.9457	0.9458	0.9458	0.9459	2.1909	0.9462	0.9458	0.9462	2.5782
  R	0.9458	0.9456	0.9441	0.9516	1.0068	0.9456	0.9456	0.9461	0.9457	0.9458	0.9434	0.9454	0.9458	0.9465	0.9462	0.9432	0.9461	0	0.9456	0.9452	0.9458	0.9454	0.9457	0.9454	0.9463	1.076	0.9455	0.9457	0.9454	0.9462	0.9454	0.9462	0.9456	0.9456	0.9456	0.946	0.9457	0.9456	0.9504	0.9444	0.9456	0.9457	0.9457	0.9457	0.9456	0.9456	0.9457	0.9457	0.9458	0.9461	0.9458	0.9462	1.4406
  S	0.9455	0.9454	0.9445	0.9503	1.7734	0.9454	0.9454	0.9562	0.9455	0.9457	0.9433	0.9452	0.9463	0.9466	0.946	0.9432	0.9463	0.9456	0	0.9452	0.9456	0.9455	0.9461	1.432	0.9487	0.9463	0.9454	0.9455	0.9455	0.9458	0.9452	0.9459	0.9454	0.9453	0.9454	0.9461	0.9456	0.9454	0.9491	0.9438	0.9454	0.9455	0.9455	0.9453	0.9452	0.9454	0.9455	0.9455	3.0371	0.9459	0.9455	0.9461	0.949
  T	0.9452	0.9451	0.9436	0.95	0.9392	0.945	0.945	0.9456	0.9456	0.9456	0.9436	0.9449	0.9455	0.9461	0.9459	0.9427	1.4237	0.9452	0.9452	0	0.9453	1.2119	0.9452	1.0595	0.9458	0.947	0.9453	0.9452	1.2352	0.9458	1.0665	0.9459	0.9451	0.9451	0.9451	0.9459	0.9461	0.9451	0.949	2.1544	0.9451	0.947	0.9455	0.9453	0.945	0.9451	0.9454	1.3588	1.012	0.9456	1.4223	0.9457	0.9506
  U	0.9457	0.9456	0.9854	0.9505	0.9416	0.9456	0.9455	0.9459	0.9458	0.9459	0.9432	0.9454	0.9459	0.9464	0.9462	0.9433	0.946	0.9458	0.9456	0.9453	0	1.042	0.9457	1.0507	0.9463	0.9462	0.9459	0.9457	0.9455	0.9461	0.9454	0.9461	0.9456	0.9455	0.9459	0.9462	0.9458	0.9456	0.9497	1.2002	0.9461	0.9456	0.9457	0.9456	0.9454	0.9456	0.9457	0.9457	0.9551	0.9461	0.9457	0.9461	1.0014
  V	0.9454	1.4184	0.9815	0.951	1.242	0.9451	0.9467	0.9476	0.9478	1.2123	0.953	0.945	0.9459	0.9471	0.9586	0.944	0.9458	0.9454	0.9455	1.2119	1.042	0	0.9455	1.9902	0.946	0.9472	0.9665	0.9452	2.1823	0.9465	1.291	0.9465	0.9452	0.9463	1.4003	0.9473	0.9798	0.9451	0.9498	5.8595	1.4067	0.9452	0.9884	0.9575	0.9454	0.9451	0.9458	1.0058	0.9663	0.9455	0.9464	0.9463	1.0504
  W	0.9456	0.9455	0.9444	0.9505	1.3029	0.9455	0.9455	0.9463	0.9457	0.9458	0.9434	0.9453	0.946	0.9466	0.9459	0.9433	0.946	0.9457	0.9461	0.9452	0.9457	0.9455	0	0.9453	0.9463	0.9463	0.9455	0.9456	0.9453	0.9461	0.9452	0.9461	0.9455	0.9455	0.9455	0.946	0.9457	0.9455	0.9493	1.4115	0.9455	0.9456	0.9456	0.9455	0.9454	0.9455	0.9457	0.9457	1.0616	0.9461	0.9456	0.9462	0.9519
  X	0.9452	0.9446	1.9331	1.0454	3.5895	0.9444	0.9926	1.9706	1.3291	1.116	1.448	0.9444	1.4705	1.174	1.4786	1.0966	0.9481	0.9454	1.432	1.0595	1.0507	1.9902	0.9453	0	1.4196	1.4216	5.0247	0.9457	1.349	0.9462	1.7913	0.9463	0.9565	1.0028	0.9452	2.3246	1.1211	0.9444	0.9659	7.2649	0.9455	0.9446	0.9489	0.9467	0.9451	0.9444	0.9455	0.9448	1.9054	0.9452	0.9446	1.0061	4.2428
  Y	0.9462	0.9462	0.9449	0.9513	1.054	0.9461	0.9462	0.9485	0.9463	0.9465	0.944	0.9459	1.3055	1.2817	0.947	0.9439	0.9464	0.9463	0.9487	0.9458	0.9463	0.946	0.9463	1.4196	0	0.947	0.9461	0.9464	0.946	0.9466	0.9458	0.9467	0.9462	0.9461	0.9462	0.9468	0.9463	0.9462	0.95	0.9434	0.9461	0.9462	0.9463	0.9461	0.946	0.9462	0.9463	0.9463	0.9474	0.9467	0.9462	0.9469	0.9491
  Z	1.2709	0.9459	0.9457	0.9524	2.2365	0.9458	0.946	1.2584	0.9464	0.9463	0.9479	0.9457	1.0017	1.156	1.0895	0.9448	0.9477	1.076	0.9463	0.947	0.9462	0.9472	0.9463	1.4216	0.947	0	0.946	0.9461	0.9469	1.047	1.4108	1.0575	0.9459	0.9459	0.9459	0.9469	0.9462	0.9459	0.9507	3.1923	0.9459	1.1408	0.946	0.9462	0.9461	0.9458	0.9462	0.946	1.5453	0.9465	1.275	0.947	1.666
  [	0.9454	0.9453	0.9443	0.9502	1.2368	0.9453	0.9456	0.9475	0.946	0.9463	0.9438	0.9452	0.9458	0.9471	0.9465	0.9431	0.9456	0.9455	0.9454	0.9453	0.9459	0.9665	0.9455	5.0247	0.9461	0.946	0	0.9455	0.9462	0.9459	0.9461	0.946	0.9454	0.9454	0.9453	0.9464	0.9458	0.9453	0.9491	1.2332	0.9453	0.9454	0.9455	0.9454	0.9452	0.9453	0.9455	0.9455	0.9459	0.9458	0.9454	0.9467	0.9502
  \	0.9456	0.9455	0.9437	0.9502	0.9387	0.9455	0.9454	1.4052	0.9457	0.9457	0.943	0.9453	0.9459	1.0496	0.9464	0.943	0.9458	0.9457	0.9455	0.9452	0.9457	0.9452	0.9456	0.9457	0.9464	0.9461	0.9455	0	0.9453	0.946	0.9451	0.9461	0.9455	0.9455	0.9455	0.9461	0.9457	0.9455	0.9494	0.943	0.9455	0.9456	0.9457	0.9455	0.9453	0.9455	0.9457	0.9457	0.9453	0.9464	0.9456	0.9464	0.9479
  ]	0.9452	0.9452	0.9448	1.1279	1.1045	0.945	0.9453	1.6764	1.2779	1.2278	0.9549	0.9449	0.9493	0.9637	0.9682	1.1531	0.9462	0.9454	0.9455	1.2352	0.9455	2.1823	0.9453	1.349	0.946	0.9469	0.9462	0.9453	0	0.9458	1.6832	0.9458	0.9551	0.9452	0.9453	0.9856	4.8652	0.9452	0.9503	1.6589	0.9463	0.9451	2.731	1.1104	1.4198	0.945	0.9453	1.2128	0.9701	0.946	0.9452	0.9476	1.2315
  ^	0.954	0.9459	0.944	0.9509	0.94	0.9459	0.9458	0.9461	0.9461	0.9461	0.9435	0.9457	0.9462	0.9467	0.9469	0.9432	0.9464	0.9462	0.9458	0.9458	0.9461	0.9465	0.9461	0.9462	0.9466	1.047	0.9459	0.946	0.9458	0	0.9459	1.1266	0.9459	0.946	0.9459	0.9465	0.9461	0.9459	0.9502	1.1115	0.9459	0.9461	0.9461	0.9461	0.9458	0.9459	0.9462	0.9461	0.9461	0.9465	0.9461	0.9464	1.0315
  _	0.9462	0.945	0.944	0.951	0.957	0.945	0.945	0.9461	1.3333	1.4194	9.3417	0.9479	0.9458	0.9462	0.9468	0.943	1.3259	0.9454	0.9452	1.0665	0.9454	1.291	0.9452	1.7913	0.9458	1.4108	0.9461	0.9451	1.6832	0.9459	0	0.9459	1.4006	1.3015	0.945	0.9461	0.992	0.945	0.9498	1.407	0.9451	0.9451	0.9458	0.9654	0.9452	0.9451	0.9452	0.9671	0.9758	0.9455	0.9452	0.9455	1.3644
  `	0.9558	0.946	0.944	0.9509	0.9401	0.9459	0.9459	0.9462	0.9461	0.9461	0.9435	0.9457	0.9462	0.9468	0.947	0.9433	0.9464	0.9462	0.9459	0.9459	0.9461	0.9465	0.9461	0.9463	0.9467	1.0575	0.946	0.9461	0.9458	1.1266	0.9459	0	0.946	0.946	0.946	0.9465	0.9461	0.946	0.9503	1.1315	0.9459	0.9461	0.9461	0.9461	0.9458	0.9459	0.9462	0.9461	0.9461	0.9465	0.9461	0.9465	1.041
  a	0.9455	0.9454	0.9436	0.9502	0.9381	0.9454	0.9453	0.9457	0.9456	0.9456	0.9506	0.9452	0.9455	0.9462	0.9458	0.9428	0.9458	0.9456	0.9454	0.9451	0.9456	0.9452	0.9455	0.9565	0.9462	0.9459	0.9454	0.9455	0.9551	0.9459	1.4006	0.946	0	0.9454	0.9454	0.9458	0.9457	0.9454	0.9493	0.9426	0.9454	0.9455	0.9456	0.9454	0.9452	0.9454	0.9456	0.9456	0.9451	0.946	0.9455	0.946	0.9482
  b	0.9455	0.9454	0.9437	0.9501	0.9707	0.9454	0.9453	0.9457	0.9456	0.9456	1.5714	0.9452	0.9455	0.9462	0.9458	0.9428	0.9458	0.9456	0.9453	0.9451	0.9455	0.9463	0.9455	1.0028	0.9461	0.9459	0.9454	0.9455	0.9452	0.946	1.3015	0.946	0.9454	0	0.9454	0.9459	0.9456	0.9454	0.9499	1.3199	0.9454	0.9454	0.9455	0.9454	0.9452	0.9454	0.9456	0.9455	0.9452	0.9459	0.9455	0.9459	0.9523
  c	0.9455	0.9454	0.9437	0.9502	0.9382	0.9454	0.9453	0.9456	0.9455	0.9457	0.9429	0.9452	0.9455	0.9462	0.9458	0.9428	0.9457	0.9456	0.9454	0.9451	0.9459	1.4003	0.9455	0.9452	0.9462	0.9459	0.9453	0.9455	0.9453	0.9459	0.945	0.946	0.9454	0.9454	0	0.9458	0.9456	0.9454	0.9493	0.9634	0.9482	0.9455	0.9456	0.9454	0.9452	0.9454	0.9456	0.9456	0.9451	0.946	0.9455	0.946	0.948
  d	0.946	0.9458	0.9443	0.9506	0.9464	0.9458	0.9458	1.066	0.9676	0.9463	0.9436	0.9456	1.0695	0.9678	0.9754	0.9435	0.9462	0.946	0.9461	0.9459	0.9462	0.9473	0.946	2.3246	0.9468	0.9469	0.9464	0.9461	0.9856	0.9465	0.9461	0.9465	0.9458	0.9459	0.9458	0	0.9466	0.9458	0.9498	1.4995	0.9458	0.9459	0.9461	0.9459	0.9456	0.9458	1.1087	0.946	1.3153	0.9466	0.9459	0.9466	0.9539
  e	0.9457	0.9456	0.9439	0.951	0.9508	0.9455	0.9455	0.9467	1.1403	1.0158	0.9443	0.9454	0.9458	0.9467	0.9464	0.9434	0.9459	0.9457	0.9456	0.9461	0.9458	0.9798	0.9457	1.1211	0.9463	0.9462	0.9458	0.9457	4.8652	0.9461	0.992	0.9461	0.9457	0.9456	0.9456	0.9466	0	1.4194	0.9495	1.1007	0.9456	0.9456	2.1308	1.2403	0.9455	0.9456	0.9457	0.9462	0.9456	0.9461	0.9456	0.9462	0.9499
  f	0.9455	0.9454	0.9436	0.9502	0.938	0.9454	0.9453	0.9456	0.9456	0.9456	0.9429	0.9452	0.9455	0.9462	0.9458	0.9428	0.9457	0.9456	0.9454	0.9451	0.9456	0.9451	0.9455	0.9444	0.9462	0.9459	0.9453	0.9455	0.9452	0.9459	0.945	0.946	0.9454	0.9454	0.9454	0.9458	1.4194	0	0.9493	0.9422	0.9454	0.9455	0.9456	0.9454	0.9452	0.9454	0.9456	0.9456	0.945	0.946	0.9455	0.946	0.9477
  g	0.9497	0.9493	0.9467	0.9846	0.9621	0.9493	0.949	0.9496	0.9497	0.9494	0.9467	0.949	0.9506	0.9498	0.9527	0.9462	0.9529	0.9504	0.9491	0.949	0.9497	0.9498	0.9493	0.9659	0.95	0.9507	0.9491	0.9494	0.9503	0.9502	0.9498	0.9503	0.9493	0.9499	0.9493	0.9498	0.9495	0.9493	0	1.3882	0.9493	0.9494	0.9496	0.95	0.9514	0.9493	0.9495	0.9494	0.9517	0.9498	0.9494	0.9496	1.6322
  h	1.0439	0.9424	1.1028	0.9665	2.4807	0.9422	1.1263	0.9731	1.3438	1.0006	1.1895	0.9423	1.419	1.0801	2.5239	0.9425	0.9507	0.9444	0.9438	2.1544	1.2002	5.8595	1.4115	7.2649	0.9434	3.1923	1.2332	0.943	1.6589	1.1115	1.407	1.1315	0.9426	1.3199	0.9634	1.4995	1.1007	0.9422	1.3882	0	0.9721	0.9426	0.9566	1.4234	0.9439	0.9423	1.3654	0.9428	2.2917	0.9426	0.9447	0.9911	11.2784
  i	0.9455	0.9454	0.9437	0.9502	0.9382	0.9454	0.9453	0.9456	0.9455	0.9457	0.9429	0.9452	0.9455	0.9462	0.9458	0.9428	0.9457	0.9456	0.9454	0.9451	0.9461	1.4067	0.9455	0.9455	0.9461	0.9459	0.9453	0.9455	0.9463	0.9459	0.9451	0.9459	0.9454	0.9454	0.9482	0.9458	0.9456	0.9454	0.9493	0.9721	0	0.9455	0.9456	0.9454	0.9452	0.9454	0.9456	0.9456	0.9451	0.946	0.9455	0.946	0.9482
  j	0.9456	0.9455	0.9436	0.9503	0.9383	0.9455	0.9454	0.9459	0.9456	0.9456	0.9429	0.9453	0.9457	0.9463	0.946	0.9428	0.9466	0.9457	0.9455	0.947	0.9456	0.9452	0.9456	0.9446	0.9462	1.1408	0.9454	0.9456	0.9451	0.9461	0.9451	0.9461	0.9455	0.9454	0.9455	0.9459	0.9456	0.9455	0.9494	0.9426	0.9455	0	0.9456	0.9454	0.9453	0.9455	0.9456	0.9456	1.4172	0.9461	1.3908	0.946	0.9482
  k	0.9456	0.9456	0.9437	0.9518	0.9522	0.9455	0.9455	0.9462	0.9465	1.0408	0.9434	0.9453	0.9457	0.9465	0.9461	0.943	0.9459	0.9457	0.9455	0.9455	0.9457	0.9884	0.9456	0.9489	0.9463	0.946	0.9455	0.9457	2.731	0.9461	0.9458	0.9461	0.9456	0.9455	0.9456	0.9461	2.1308	0.9456	0.9496	0.9566	0.9456	0.9456	0	1.0869	0.9454	0.9455	0.9457	0.9459	0.9453	0.9461	0.9456	0.9461	0.9501
  l	0.9455	0.9454	0.9437	0.951	0.9419	0.9454	0.9453	0.9458	0.9457	0.9683	0.9456	0.9452	0.9456	0.9462	0.9462	0.943	1.0659	0.9457	0.9453	0.9453	0.9456	0.9575	0.9455	0.9467	0.9461	0.9462	0.9454	0.9455	1.1104	0.9461	0.9654	0.9461	0.9454	0.9454	0.9454	0.9459	1.2403	0.9454	0.95	1.4234	0.9454	0.9454	1.0869	0	0.9454	0.9454	0.9456	0.9456	0.9456	0.9459	0.9455	0.9459	1.3005
  m	0.9454	0.9452	0.9438	1.4396	1.3781	0.9452	0.9452	0.9494	0.9455	0.9454	0.9431	0.9451	0.9455	0.9462	0.9458	0.943	0.9457	0.9456	0.9452	0.945	0.9454	0.9454	0.9454	0.9451	0.946	0.9461	0.9452	0.9453	1.4198	0.9458	0.9452	0.9458	0.9452	0.9452	0.9452	0.9456	0.9455	0.9452	0.9514	0.9439	0.9452	0.9453	0.9454	0.9454	0	0.9452	0.9454	0.9454	0.9454	0.9457	0.9453	0.9458	1.9168
  n	0.9455	0.9454	0.9436	0.9501	0.9381	0.9454	0.9453	0.9456	0.9455	0.9456	1.4152	0.9464	0.9455	0.9462	0.9458	0.9428	0.9458	0.9456	0.9454	0.9451	0.9456	0.9451	0.9455	0.9444	0.9462	0.9458	0.9453	0.9455	0.945	0.9459	0.9451	0.9459	0.9454	0.9454	0.9454	0.9458	0.9456	0.9454	0.9493	0.9423	0.9454	0.9455	0.9455	0.9454	0.9452	0	0.9456	0.9456	0.945	0.946	0.9455	0.946	0.9477
  o	0.9457	0.9456	0.9437	0.9502	0.9386	0.9455	0.9455	0.9458	0.9457	0.9457	0.9431	0.9454	0.9458	0.9464	0.9462	0.943	0.9458	0.9457	0.9455	0.9454	0.9457	0.9458	0.9457	0.9455	0.9463	0.9462	0.9455	0.9457	0.9453	0.9462	0.9452	0.9462	0.9456	0.9456	0.9456	1.1087	0.9457	0.9456	0.9495	1.3654	0.9456	0.9456	0.9457	0.9456	0.9454	0.9456	0	0.9457	0.9454	0.9461	0.9456	0.9461	0.949
  p	0.9457	0.9456	0.9437	0.9503	0.9383	0.9456	0.9455	0.9458	0.9458	0.9458	0.9433	0.9454	0.9457	0.9463	0.9459	0.943	0.9459	0.9457	0.9455	1.3588	0.9457	1.0058	0.9457	0.9448	0.9463	0.946	0.9455	0.9457	1.2128	0.9461	0.9671	0.9461	0.9456	0.9455	0.9456	0.946	0.9462	0.9456	0.9494	0.9428	0.9456	0.9456	0.9459	0.9456	0.9454	0.9456	0.9457	0	0.9452	0.9461	0.9457	0.9461	0.9479
  q	0.9454	0.945	1.053	0.9534	3.3061	0.9451	0.9453	1.6077	0.9457	0.9457	0.9445	0.9449	3.54	0.9491	1.0507	0.9453	2.1909	0.9458	3.0371	1.012	0.9551	0.9663	1.0616	1.9054	0.9474	1.5453	0.9459	0.9453	0.9701	0.9461	0.9758	0.9461	0.9451	0.9452	0.9451	1.3153	0.9456	0.945	0.9517	2.2917	0.9451	1.4172	0.9453	0.9456	0.9454	0.945	0.9454	0.9452	0	0.9458	0.9453	0.9512	2.6554
  r	0.9461	0.946	0.9443	0.9506	0.9398	0.946	0.9459	1.2867	0.9461	0.9461	0.9434	0.9458	0.9464	0.9489	0.9464	0.9436	0.9462	0.9461	0.9459	0.9456	0.9461	0.9455	0.9461	0.9452	0.9467	0.9465	0.9458	0.9464	0.946	0.9465	0.9455	0.9465	0.946	0.9459	0.946	0.9466	0.9461	0.946	0.9498	0.9426	0.946	0.9461	0.9461	0.9459	0.9457	0.946	0.9461	0.9461	0.9458	0	0.9461	1.2303	0.9482
  s	0.9457	0.9455	0.9436	0.9503	0.9383	0.9455	0.9454	0.9458	0.9456	0.9457	0.943	0.9453	0.9456	0.9463	0.9459	0.9429	0.9458	0.9458	0.9455	1.4223	0.9457	0.9464	0.9456	0.9446	0.9462	1.275	0.9454	0.9456	0.9452	0.9461	0.9452	0.9461	0.9455	0.9455	0.9455	0.9459	0.9456	0.9455	0.9494	0.9447	0.9455	1.3908	0.9456	0.9455	0.9453	0.9455	0.9456	0.9457	0.9453	0.9461	0	0.9461	0.948
  t	0.9461	0.946	1.4253	0.9507	1.5943	0.946	0.946	1.4378	0.9461	0.9462	0.9439	0.9458	0.9468	0.9493	0.9464	0.9444	0.9462	0.9462	0.9461	0.9457	0.9461	0.9463	0.9462	1.0061	0.9469	0.947	0.9467	0.9464	0.9476	0.9464	0.9455	0.9465	0.946	0.9459	0.946	0.9466	0.9462	0.946	0.9496	0.9911	0.946	0.946	0.9461	0.9459	0.9458	0.946	0.9461	0.9461	0.9512	1.2303	0.9461	0	0.9494
  u	1.0226	0.9477	1.0289	2.7374	4.0162	0.9477	0.9483	1.3464	1.0317	0.9539	0.9753	0.9476	1.6229	0.9528	2.2791	0.9471	2.5782	1.4406	0.949	0.9506	1.0014	1.0504	0.9519	4.2428	0.9491	1.666	0.9502	0.9479	1.2315	1.0315	1.3644	1.041	0.9482	0.9523	0.948	0.9539	0.9499	0.9477	1.6322	11.2784	0.9482	0.9482	0.9501	1.3005	1.9168	0.9477	0.949	0.9479	2.6554	0.9482	0.948	0.9494	0

Actual rates from j->i (Q_ij):
	A	B	C	D	E	F	G	H	I	J	K	L	M	N	O	P	Q	R	S	T	U	V	W	X	Y	Z	[	\	]	^	_	`	a	b	c	d	e	f	g	h	i	j	k	l	m	n	o	p	q	r	s	t	u
  A	0	0.0197	0.0197	0.0198	0.0196	0.0197	0.0197	0.0197	0.0197	0.0197	0.0197	0.0197	0.0197	0.0198	0.0197	0.0197	0.0197	0.0197	0.0197	0.0197	0.0197	0.0197	0.0197	0.0197	0.0197	0.0265	0.0197	0.0197	0.0197	0.0199	0.0197	0.0199	0.0197	0.0197	0.0197	0.0197	0.0197	0.0197	0.0198	0.0218	0.0197	0.0197	0.0197	0.0197	0.0197	0.0197	0.0197	0.0197	0.0197	0.0197	0.0197	0.0197	0.0213
  B	0.0199	0	0.0199	0.02	0.0198	0.0199	0.0199	0.0199	0.0199	0.0199	0.0199	0.0199	0.0199	0.0199	0.0199	0.0199	0.0199	0.0199	0.0199	0.0199	0.0199	0.0299	0.0199	0.0199	0.0199	0.0199	0.0199	0.0199	0.0199	0.0199	0.0199	0.0199	0.0199	0.0199	0.0199	0.0199	0.0199	0.0199	0.02	0.0199	0.0199	0.0199	0.0199	0.0199	0.0199	0.0199	0.0199	0.0199	0.0199	0.0199	0.0199	0.0199	0.02
  C	0.0121	0.0121	0	0.0126	0.0756	0.018	0.0121	0.0171	0.0121	0.0121	0.0121	0.0121	0.0121	0.0121	0.0122	0.0834	0.0121	0.0121	0.0121	0.0121	0.0126	0.0126	0.0121	0.0248	0.0121	0.0121	0.0121	0.0121	0.0121	0.0121	0.0121	0.0121	0.0121	0.0121	0.0121	0.0121	0.0121	0.0121	0.0121	0.0141	0.0121	0.0121	0.0121	0.0121	0.0121	0.0121	0.0121	0.0121	0.0135	0.0121	0.0121	0.0183	0.0132
  D	0.0122	0.0122	0.0127	0	0.0649	0.0122	0.0122	0.0122	0.0122	0.0122	0.0122	0.0122	0.0122	0.0122	0.0123	0.0122	0.0123	0.0122	0.0122	0.0122	0.0122	0.0122	0.0122	0.0134	0.0122	0.0123	0.0122	0.0122	0.0145	0.0122	0.0122	0.0122	0.0122	0.0122	0.0122	0.0122	0.0122	0.0122	0.0127	0.0124	0.0122	0.0122	0.0122	0.0122	0.0185	0.0122	0.0122	0.0122	0.0123	0.0122	0.0122	0.0122	0.0352
  E	0.0126	0.0126	0.0791	0.0676	0	0.0127	0.022	0.04	0.0126	0.0189	0.0344	0.0126	0.0136	0.0246	0.0127	0.0381	0.0126	0.0135	0.0238	0.0126	0.0126	0.0166	0.0175	0.0481	0.0141	0.03	0.0166	0.0126	0.0148	0.0126	0.0128	0.0126	0.0126	0.013	0.0126	0.0127	0.0127	0.0126	0.0129	0.0332	0.0126	0.0126	0.0128	0.0126	0.0185	0.0126	0.0126	0.0126	0.0443	0.0126	0.0126	0.0214	0.0538
  F	0.0198	0.0198	0.0296	0.0199	0.0199	0	0.0198	0.0198	0.0198	0.0198	0.0198	0.0198	0.0198	0.0199	0.0198	0.0198	0.0198	0.0198	0.0198	0.0198	0.0198	0.0198	0.0198	0.0198	0.0198	0.0198	0.0198	0.0198	0.0198	0.0198	0.0198	0.0198	0.0198	0.0198	0.0198	0.0198	0.0198	0.0198	0.0199	0.0198	0.0198	0.0198	0.0198	0.0198	0.0198	0.0198	0.0198	0.0198	0.0198	0.0198	0.0198	0.0198	0.0199
  G	0.0181	0.0181	0.0181	0.0182	0.0315	0.0181	0	0.0181	0.0181	0.0181	0.0181	0.0181	0.0181	0.0181	0.0181	0.0181	0.0181	0.0181	0.0181	0.0181	0.0181	0.0181	0.0181	0.019	0.0181	0.0181	0.0181	0.0181	0.0181	0.0181	0.0181	0.0181	0.0181	0.0181	0.0181	0.0181	0.0181	0.0181	0.0182	0.0216	0.0181	0.0181	0.0181	0.0181	0.0181	0.0181	0.0181	0.0181	0.0181	0.0181	0.0181	0.0181	0.0182
  H	0.0149	0.0149	0.021	0.0149	0.0469	0.0149	0.0149	0	0.0149	0.0149	0.0148	0.0148	0.0209	0.0368	0.0156	0.024	0.0149	0.0149	0.015	0.0149	0.0149	0.0149	0.0149	0.0309	0.0149	0.0198	0.0149	0.0221	0.0263	0.0149	0.0149	0.0149	0.0149	0.0149	0.0149	0.0167	0.0149	0.0149	0.0149	0.0153	0.0149	0.0149	0.0149	0.0149	0.0149	0.0149	0.0149	0.0149	0.0252	0.0202	0.0149	0.0226	0.0211
  I	0.0193	0.0193	0.0193	0.0194	0.0192	0.0193	0.0193	0.0194	0	0.0193	0.0193	0.0193	0.0193	0.0195	0.0197	0.0193	0.0194	0.0193	0.0193	0.0193	0.0193	0.0194	0.0193	0.0272	0.0194	0.0194	0.0193	0.0193	0.0261	0.0194	0.0273	0.0194	0.0193	0.0193	0.0193	0.0198	0.0233	0.0193	0.0194	0.0275	0.0193	0.0193	0.0194	0.0193	0.0193	0.0193	0.0193	0.0193	0.0193	0.0194	0.0193	0.0194	0.0211
  J	0.0191	0.0191	0.019	0.0192	0.0285	0.0191	0.0191	0.0191	0.0191	0	0.019	0.0191	0.0191	0.0191	0.0191	0.019	0.0191	0.0191	0.0191	0.0191	0.0191	0.0244	0.0191	0.0225	0.0191	0.0191	0.0191	0.0191	0.0248	0.0191	0.0286	0.0191	0.0191	0.0191	0.0191	0.0191	0.0205	0.0191	0.0191	0.0202	0.0191	0.0191	0.021	0.0195	0.0191	0.0191	0.0191	0.0191	0.0191	0.0191	0.0191	0.0191	0.0192
  K	0.017	0.017	0.017	0.0171	0.0462	0.017	0.017	0.017	0.017	0.017	0	0.0426	0.017	0.017	0.017	0.0169	0.0181	0.017	0.017	0.017	0.017	0.0171	0.017	0.026	0.017	0.017	0.017	0.017	0.0172	0.017	0.1679	0.017	0.0171	0.0283	0.017	0.017	0.017	0.017	0.017	0.0214	0.017	0.017	0.017	0.017	0.017	0.0254	0.017	0.017	0.017	0.017	0.017	0.017	0.0175
  L	0.0194	0.0194	0.0193	0.0195	0.0192	0.0194	0.0194	0.0194	0.0194	0.0194	0.0486	0	0.0194	0.0194	0.0194	0.0193	0.0194	0.0194	0.0194	0.0194	0.0194	0.0194	0.0194	0.0193	0.0194	0.0194	0.0194	0.0194	0.0194	0.0194	0.0194	0.0194	0.0194	0.0194	0.0194	0.0194	0.0194	0.0194	0.0194	0.0193	0.0194	0.0194	0.0194	0.0194	0.0194	0.0194	0.0194	0.0194	0.0194	0.0194	0.0194	0.0194	0.0194
  M	0.0173	0.0173	0.0173	0.0174	0.0186	0.0173	0.0173	0.0243	0.0173	0.0173	0.0173	0.0173	0	0.021	0.0269	0.0173	0.0173	0.0173	0.0173	0.0173	0.0173	0.0173	0.0173	0.0269	0.0239	0.0183	0.0173	0.0173	0.0174	0.0173	0.0173	0.0173	0.0173	0.0173	0.0173	0.0196	0.0173	0.0173	0.0174	0.026	0.0173	0.0173	0.0173	0.0173	0.0173	0.0173	0.0173	0.0173	0.0648	0.0173	0.0173	0.0173	0.0297
  N	0.0177	0.0177	0.0177	0.0178	0.0343	0.0177	0.0177	0.0437	0.0178	0.0177	0.0177	0.0177	0.0215	0	0.0195	0.0177	0.0177	0.0177	0.0177	0.0177	0.0177	0.0177	0.0177	0.0219	0.024	0.0216	0.0177	0.0196	0.018	0.0177	0.0177	0.0177	0.0177	0.0177	0.0177	0.0181	0.0177	0.0177	0.0178	0.0202	0.0177	0.0177	0.0177	0.0177	0.0177	0.0177	0.0177	0.0177	0.0177	0.0177	0.0177	0.0177	0.0178
  O	0.0173	0.0173	0.0173	0.0174	0.0173	0.0173	0.0173	0.0181	0.0175	0.0173	0.0172	0.0173	0.0268	0.019	0	0.0257	0.0216	0.0173	0.0173	0.0173	0.0173	0.0175	0.0173	0.027	0.0173	0.0199	0.0173	0.0173	0.0177	0.0173	0.0173	0.0173	0.0173	0.0173	0.0173	0.0178	0.0173	0.0173	0.0174	0.0461	0.0173	0.0173	0.0173	0.0173	0.0173	0.0173	0.0173	0.0173	0.0192	0.0173	0.0173	0.0173	0.0416
  P	0.0158	0.0158	0.1093	0.0159	0.0477	0.0158	0.0158	0.0257	0.0158	0.0158	0.0158	0.0158	0.0159	0.0159	0.0237	0	0.0158	0.0158	0.0158	0.0158	0.0158	0.0159	0.0158	0.0184	0.0159	0.0159	0.0158	0.0158	0.0194	0.0158	0.0158	0.0158	0.0158	0.0158	0.0158	0.0158	0.0158	0.0158	0.0159	0.0158	0.0158	0.0158	0.0158	0.0158	0.0158	0.0158	0.0158	0.0158	0.0159	0.0158	0.0158	0.0159	0.0159
  Q	0.0181	0.0181	0.0181	0.0183	0.018	0.0181	0.0181	0.0182	0.0181	0.0181	0.0192	0.0181	0.0181	0.0181	0.0227	0.0181	0	0.0181	0.0181	0.0273	0.0181	0.0181	0.0181	0.0181	0.0181	0.0181	0.0181	0.0181	0.0181	0.0181	0.0254	0.0181	0.0181	0.0181	0.0181	0.0181	0.0181	0.0181	0.0182	0.0182	0.0181	0.0181	0.0181	0.0204	0.0181	0.0181	0.0181	0.0181	0.0419	0.0181	0.0181	0.0181	0.0494
  R	0.0188	0.0188	0.0188	0.0189	0.02	0.0188	0.0188	0.0188	0.0188	0.0188	0.0188	0.0188	0.0188	0.0188	0.0188	0.0188	0.0188	0	0.0188	0.0188	0.0188	0.0188	0.0188	0.0188	0.0188	0.0214	0.0188	0.0188	0.0188	0.0188	0.0188	0.0188	0.0188	0.0188	0.0188	0.0188	0.0188	0.0188	0.0189	0.0188	0.0188	0.0188	0.0188	0.0188	0.0188	0.0188	0.0188	0.0188	0.0188	0.0188	0.0188	0.0188	0.0287
  S	0.0183	0.0183	0.0183	0.0184	0.0344	0.0183	0.0183	0.0185	0.0183	0.0183	0.0183	0.0183	0.0183	0.0183	0.0183	0.0183	0.0183	0.0183	0	0.0183	0.0183	0.0183	0.0183	0.0278	0.0184	0.0183	0.0183	0.0183	0.0183	0.0183	0.0183	0.0183	0.0183	0.0183	0.0183	0.0183	0.0183	0.0183	0.0184	0.0183	0.0183	0.0183	0.0183	0.0183	0.0183	0.0183	0.0183	0.0183	0.0589	0.0183	0.0183	0.0183	0.0184
  T	0.019	0.019	0.0189	0.0191	0.0188	0.019	0.019	0.019	0.019	0.019	0.0189	0.0189	0.019	0.019	0.019	0.0189	0.0285	0.019	0.019	0	0.019	0.0243	0.019	0.0212	0.019	0.019	0.019	0.019	0.0248	0.019	0.0214	0.019	0.019	0.019	0.019	0.019	0.019	0.019	0.019	0.0432	0.019	0.019	0.019	0.019	0.0189	0.019	0.019	0.0272	0.0203	0.019	0.0285	0.019	0.0191
  U	0.0194	0.0194	0.0202	0.0195	0.0193	0.0194	0.0194	0.0194	0.0194	0.0194	0.0194	0.0194	0.0194	0.0194	0.0194	0.0194	0.0194	0.0194	0.0194	0.0194	0	0.0214	0.0194	0.0216	0.0194	0.0194	0.0194	0.0194	0.0194	0.0194	0.0194	0.0194	0.0194	0.0194	0.0194	0.0194	0.0194	0.0194	0.0195	0.0246	0.0194	0.0194	0.0194	0.0194	0.0194	0.0194	0.0194	0.0194	0.0196	0.0194	0.0194	0.0194	0.0205
  V	0.0153	0.0229	0.0159	0.0154	0.0201	0.0153	0.0153	0.0153	0.0153	0.0196	0.0154	0.0153	0.0153	0.0153	0.0155	0.0153	0.0153	0.0153	0.0153	0.0196	0.0168	0	0.0153	0.0322	0.0153	0.0153	0.0156	0.0153	0.0353	0.0153	0.0209	0.0153	0.0153	0.0153	0.0226	0.0153	0.0158	0.0153	0.0154	0.0947	0.0227	0.0153	0.016	0.0155	0.0153	0.0153	0.0153	0.0163	0.0156	0.0153	0.0153	0.0153	0.017
  W	0.0186	0.0186	0.0186	0.0187	0.0257	0.0186	0.0186	0.0186	0.0186	0.0186	0.0186	0.0186	0.0186	0.0186	0.0186	0.0186	0.0186	0.0186	0.0186	0.0186	0.0186	0.0186	0	0.0186	0.0186	0.0186	0.0186	0.0186	0.0186	0.0186	0.0186	0.0186	0.0186	0.0186	0.0186	0.0186	0.0186	0.0186	0.0187	0.0278	0.0186	0.0186	0.0186	0.0186	0.0186	0.0186	0.0186	0.0186	0.0209	0.0186	0.0186	0.0186	0.0187
  X	0.0113	0.0113	0.0232	0.0125	0.0431	0.0113	0.0119	0.0236	0.0159	0.0134	0.0174	0.0113	0.0176	0.0141	0.0177	0.0132	0.0114	0.0113	0.0172	0.0127	0.0126	0.0239	0.0113	0	0.017	0.0171	0.0603	0.0113	0.0162	0.0113	0.0215	0.0114	0.0115	0.012	0.0113	0.0279	0.0134	0.0113	0.0116	0.0871	0.0113	0.0113	0.0114	0.0114	0.0113	0.0113	0.0113	0.0113	0.0229	0.0113	0.0113	0.0121	0.0509
  Y	0.0195	0.0195	0.0195	0.0196	0.0218	0.0195	0.0195	0.0196	0.0195	0.0195	0.0195	0.0195	0.027	0.0265	0.0196	0.0195	0.0195	0.0195	0.0196	0.0195	0.0195	0.0195	0.0195	0.0293	0	0.0196	0.0195	0.0195	0.0195	0.0195	0.0195	0.0195	0.0195	0.0195	0.0195	0.0195	0.0195	0.0195	0.0196	0.0195	0.0195	0.0195	0.0195	0.0195	0.0195	0.0195	0.0195	0.0195	0.0196	0.0195	0.0195	0.0196	0.0196
  Z	0.0196	0.0146	0.0146	0.0147	0.0344	0.0146	0.0146	0.0194	0.0146	0.0146	0.0146	0.0146	0.0154	0.0178	0.0168	0.0145	0.0146	0.0166	0.0146	0.0146	0.0146	0.0146	0.0146	0.0219	0.0146	0	0.0146	0.0146	0.0146	0.0161	0.0217	0.0163	0.0146	0.0146	0.0146	0.0146	0.0146	0.0146	0.0146	0.0492	0.0146	0.0176	0.0146	0.0146	0.0146	0.0146	0.0146	0.0146	0.0238	0.0146	0.0196	0.0146	0.0257
  [	0.0179	0.0179	0.0179	0.018	0.0234	0.0179	0.0179	0.0179	0.0179	0.0179	0.0179	0.0179	0.0179	0.0179	0.0179	0.0179	0.0179	0.0179	0.0179	0.0179	0.0179	0.0183	0.0179	0.0952	0.0179	0.0179	0	0.0179	0.0179	0.0179	0.0179	0.0179	0.0179	0.0179	0.0179	0.0179	0.0179	0.0179	0.018	0.0234	0.0179	0.0179	0.0179	0.0179	0.0179	0.0179	0.0179	0.0179	0.0179	0.0179	0.0179	0.0179	0.018
  \	0.0199	0.0199	0.0198	0.02	0.0197	0.0199	0.0199	0.0295	0.0199	0.0199	0.0198	0.0199	0.0199	0.0221	0.0199	0.0198	0.0199	0.0199	0.0199	0.0199	0.0199	0.0199	0.0199	0.0199	0.0199	0.0199	0.0199	0	0.0199	0.0199	0.0199	0.0199	0.0199	0.0199	0.0199	0.0199	0.0199	0.0199	0.02	0.0198	0.0199	0.0199	0.0199	0.0199	0.0199	0.0199	0.0199	0.0199	0.0199	0.0199	0.0199	0.0199	0.0199
  ]	0.0195	0.0195	0.0195	0.0233	0.0228	0.0195	0.0195	0.0346	0.0264	0.0254	0.0197	0.0195	0.0196	0.0199	0.02	0.0238	0.0195	0.0195	0.0195	0.0255	0.0195	0.0451	0.0195	0.0279	0.0195	0.0196	0.0195	0.0195	0	0.0195	0.0348	0.0195	0.0197	0.0195	0.0195	0.0204	0.1005	0.0195	0.0196	0.0343	0.0195	0.0195	0.0564	0.0229	0.0293	0.0195	0.0195	0.0251	0.02	0.0195	0.0195	0.0196	0.0254
  ^	0.0198	0.0197	0.0196	0.0198	0.0196	0.0197	0.0197	0.0197	0.0197	0.0197	0.0196	0.0197	0.0197	0.0197	0.0197	0.0196	0.0197	0.0197	0.0197	0.0197	0.0197	0.0197	0.0197	0.0197	0.0197	0.0218	0.0197	0.0197	0.0197	0	0.0197	0.0234	0.0197	0.0197	0.0197	0.0197	0.0197	0.0197	0.0198	0.0231	0.0197	0.0197	0.0197	0.0197	0.0197	0.0197	0.0197	0.0197	0.0197	0.0197	0.0197	0.0197	0.0215
  _	0.0169	0.0169	0.0169	0.017	0.0171	0.0169	0.0169	0.0169	0.0238	0.0254	0.167	0.0169	0.0169	0.0169	0.0169	0.0169	0.0237	0.0169	0.0169	0.0191	0.0169	0.0231	0.0169	0.032	0.0169	0.0252	0.0169	0.0169	0.0301	0.0169	0	0.0169	0.025	0.0233	0.0169	0.0169	0.0177	0.0169	0.017	0.0252	0.0169	0.0169	0.0169	0.0173	0.0169	0.0169	0.0169	0.0173	0.0174	0.0169	0.0169	0.0169	0.0244
  `	0.0198	0.0196	0.0196	0.0197	0.0195	0.0196	0.0196	0.0196	0.0196	0.0196	0.0196	0.0196	0.0196	0.0196	0.0196	0.0196	0.0196	0.0196	0.0196	0.0196	0.0196	0.0196	0.0196	0.0196	0.0196	0.0219	0.0196	0.0196	0.0196	0.0234	0.0196	0	0.0196	0.0196	0.0196	0.0196	0.0196	0.0196	0.0197	0.0235	0.0196	0.0196	0.0196	0.0196	0.0196	0.0196	0.0196	0.0196	0.0196	0.0196	0.0196	0.0196	0.0216
  a	0.0199	0.0199	0.0199	0.02	0.0198	0.0199	0.0199	0.0199	0.0199	0.0199	0.02	0.0199	0.0199	0.02	0.0199	0.0199	0.0199	0.0199	0.0199	0.0199	0.0199	0.0199	0.0199	0.0202	0.02	0.0199	0.0199	0.0199	0.0201	0.0199	0.0295	0.0199	0	0.0199	0.0199	0.0199	0.0199	0.0199	0.02	0.0199	0.0199	0.0199	0.0199	0.0199	0.0199	0.0199	0.0199	0.0199	0.0199	0.0199	0.0199	0.0199	0.02
  b	0.0194	0.0194	0.0194	0.0195	0.0199	0.0194	0.0194	0.0194	0.0194	0.0194	0.0323	0.0194	0.0194	0.0194	0.0194	0.0194	0.0194	0.0194	0.0194	0.0194	0.0194	0.0194	0.0194	0.0206	0.0194	0.0194	0.0194	0.0194	0.0194	0.0194	0.0267	0.0194	0.0194	0	0.0194	0.0194	0.0194	0.0194	0.0195	0.0271	0.0194	0.0194	0.0194	0.0194	0.0194	0.0194	0.0194	0.0194	0.0194	0.0194	0.0194	0.0194	0.0196
  c	0.0199	0.0199	0.0199	0.02	0.0198	0.0199	0.0199	0.0199	0.0199	0.0199	0.0199	0.0199	0.0199	0.0199	0.0199	0.0198	0.0199	0.0199	0.0199	0.0199	0.0199	0.0295	0.0199	0.0199	0.0199	0.0199	0.0199	0.0199	0.0199	0.0199	0.0199	0.0199	0.0199	0.0199	0	0.0199	0.0199	0.0199	0.02	0.0203	0.02	0.0199	0.0199	0.0199	0.0199	0.0199	0.0199	0.0199	0.0199	0.0199	0.0199	0.0199	0.02
  d	0.0191	0.0191	0.0191	0.0192	0.0191	0.0191	0.0191	0.0216	0.0196	0.0191	0.0191	0.0191	0.0216	0.0196	0.0197	0.0191	0.0191	0.0191	0.0191	0.0191	0.0191	0.0192	0.0191	0.047	0.0191	0.0191	0.0191	0.0191	0.0199	0.0191	0.0191	0.0191	0.0191	0.0191	0.0191	0	0.0191	0.0191	0.0192	0.0303	0.0191	0.0191	0.0191	0.0191	0.0191	0.0191	0.0224	0.0191	0.0266	0.0191	0.0191	0.0191	0.0193
  e	0.0194	0.0194	0.0193	0.0195	0.0195	0.0194	0.0194	0.0194	0.0234	0.0208	0.0193	0.0194	0.0194	0.0194	0.0194	0.0193	0.0194	0.0194	0.0194	0.0194	0.0194	0.0201	0.0194	0.023	0.0194	0.0194	0.0194	0.0194	0.0997	0.0194	0.0203	0.0194	0.0194	0.0194	0.0194	0.0194	0	0.0291	0.0194	0.0225	0.0194	0.0194	0.0436	0.0254	0.0194	0.0194	0.0194	0.0194	0.0194	0.0194	0.0194	0.0194	0.0195
  f	0.0201	0.0201	0.0201	0.0202	0.02	0.0201	0.0201	0.0201	0.0201	0.0201	0.0201	0.0201	0.0201	0.0201	0.0201	0.0201	0.0201	0.0201	0.0201	0.0201	0.0201	0.0201	0.0201	0.0201	0.0201	0.0201	0.0201	0.0201	0.0201	0.0201	0.0201	0.0201	0.0201	0.0201	0.0201	0.0201	0.0302	0	0.0202	0.0201	0.0201	0.0201	0.0201	0.0201	0.0201	0.0201	0.0201	0.0201	0.0201	0.0201	0.0201	0.0201	0.0202
  g	0.0187	0.0187	0.0187	0.0194	0.019	0.0187	0.0187	0.0187	0.0187	0.0187	0.0187	0.0187	0.0187	0.0187	0.0188	0.0187	0.0188	0.0187	0.0187	0.0187	0.0187	0.0187	0.0187	0.019	0.0187	0.0187	0.0187	0.0187	0.0187	0.0187	0.0187	0.0187	0.0187	0.0187	0.0187	0.0187	0.0187	0.0187	0	0.0274	0.0187	0.0187	0.0187	0.0187	0.0188	0.0187	0.0187	0.0187	0.0188	0.0187	0.0187	0.0187	0.0322
  h	0.0107	0.0096	0.0113	0.0099	0.0254	0.0096	0.0115	0.01	0.0138	0.0102	0.0122	0.0096	0.0145	0.0111	0.0258	0.0096	0.0097	0.0097	0.0097	0.022	0.0123	0.06	0.0144	0.0743	0.0097	0.0327	0.0126	0.0096	0.017	0.0114	0.0144	0.0116	0.0096	0.0135	0.0099	0.0153	0.0113	0.0096	0.0142	0	0.0099	0.0096	0.0098	0.0146	0.0097	0.0096	0.014	0.0096	0.0235	0.0096	0.0097	0.0101	0.1154
  i	0.0199	0.0199	0.0199	0.02	0.0197	0.0199	0.0199	0.0199	0.0199	0.0199	0.0198	0.0199	0.0199	0.0199	0.0199	0.0198	0.0199	0.0199	0.0199	0.0199	0.0199	0.0296	0.0199	0.0199	0.0199	0.0199	0.0199	0.0199	0.0199	0.0199	0.0199	0.0199	0.0199	0.0199	0.0199	0.0199	0.0199	0.0199	0.02	0.0205	0	0.0199	0.0199	0.0199	0.0199	0.0199	0.0199	0.0199	0.0199	0.0199	0.0199	0.0199	0.0199
  j	0.0203	0.0203	0.0203	0.0204	0.0202	0.0203	0.0203	0.0203	0.0203	0.0203	0.0203	0.0203	0.0203	0.0203	0.0203	0.0203	0.0204	0.0203	0.0203	0.0204	0.0203	0.0203	0.0203	0.0203	0.0203	0.0245	0.0203	0.0203	0.0203	0.0203	0.0203	0.0203	0.0203	0.0203	0.0203	0.0203	0.0203	0.0203	0.0204	0.0203	0.0203	0	0.0203	0.0203	0.0203	0.0203	0.0203	0.0203	0.0305	0.0203	0.0299	0.0203	0.0204
  k	0.0206	0.0206	0.0205	0.0207	0.0207	0.0206	0.0206	0.0206	0.0206	0.0227	0.0205	0.0206	0.0206	0.0206	0.0206	0.0205	0.0206	0.0206	0.0206	0.0206	0.0206	0.0215	0.0206	0.0207	0.0206	0.0206	0.0206	0.0206	0.0595	0.0206	0.0206	0.0206	0.0206	0.0206	0.0206	0.0206	0.0464	0.0206	0.0207	0.0208	0.0206	0.0206	0	0.0237	0.0206	0.0206	0.0206	0.0206	0.0206	0.0206	0.0206	0.0206	0.0207
  l	0.0189	0.0189	0.0188	0.019	0.0188	0.0189	0.0189	0.0189	0.0189	0.0193	0.0189	0.0189	0.0189	0.0189	0.0189	0.0188	0.0213	0.0189	0.0189	0.0189	0.0189	0.0191	0.0189	0.0189	0.0189	0.0189	0.0189	0.0189	0.0222	0.0189	0.0193	0.0189	0.0189	0.0189	0.0189	0.0189	0.0247	0.0189	0.019	0.0284	0.0189	0.0189	0.0217	0	0.0189	0.0189	0.0189	0.0189	0.0189	0.0189	0.0189	0.0189	0.026
  m	0.0179	0.0179	0.0178	0.0272	0.026	0.0179	0.0179	0.0179	0.0179	0.0179	0.0178	0.0179	0.0179	0.0179	0.0179	0.0178	0.0179	0.0179	0.0179	0.0179	0.0179	0.0179	0.0179	0.0179	0.0179	0.0179	0.0179	0.0179	0.0268	0.0179	0.0179	0.0179	0.0179	0.0179	0.0179	0.0179	0.0179	0.0179	0.018	0.0178	0.0179	0.0179	0.0179	0.0179	0	0.0179	0.0179	0.0179	0.0179	0.0179	0.0179	0.0179	0.0362
  n	0.0198	0.0197	0.0197	0.0198	0.0196	0.0197	0.0197	0.0198	0.0198	0.0198	0.0296	0.0198	0.0198	0.0198	0.0198	0.0197	0.0198	0.0198	0.0197	0.0197	0.0198	0.0197	0.0198	0.0197	0.0198	0.0198	0.0197	0.0198	0.0197	0.0198	0.0197	0.0198	0.0197	0.0197	0.0197	0.0198	0.0198	0.0197	0.0198	0.0197	0.0197	0.0198	0.0198	0.0197	0.0197	0	0.0198	0.0198	0.0197	0.0198	0.0198	0.0198	0.0198
  o	0.0194	0.0194	0.0194	0.0195	0.0193	0.0194	0.0194	0.0195	0.0194	0.0194	0.0194	0.0194	0.0194	0.0195	0.0195	0.0194	0.0195	0.0194	0.0194	0.0194	0.0194	0.0194	0.0194	0.0194	0.0195	0.0195	0.0194	0.0194	0.0194	0.0195	0.0194	0.0195	0.0194	0.0194	0.0194	0.0228	0.0194	0.0194	0.0195	0.0281	0.0194	0.0194	0.0194	0.0194	0.0194	0.0194	0	0.0194	0.0194	0.0195	0.0194	0.0195	0.0195
  p	0.0199	0.0199	0.0198	0.02	0.0197	0.0199	0.0199	0.0199	0.0199	0.0199	0.0198	0.0199	0.0199	0.0199	0.0199	0.0198	0.0199	0.0199	0.0199	0.0286	0.0199	0.0211	0.0199	0.0199	0.0199	0.0199	0.0199	0.0199	0.0255	0.0199	0.0203	0.0199	0.0199	0.0199	0.0199	0.0199	0.0199	0.0199	0.02	0.0198	0.0199	0.0199	0.0199	0.0199	0.0199	0.0199	0.0199	0	0.0199	0.0199	0.0199	0.0199	0.0199
  q	0.0145	0.0145	0.0161	0.0146	0.0506	0.0145	0.0145	0.0246	0.0145	0.0145	0.0145	0.0145	0.0542	0.0145	0.0161	0.0145	0.0335	0.0145	0.0465	0.0155	0.0146	0.0148	0.0162	0.0292	0.0145	0.0237	0.0145	0.0145	0.0148	0.0145	0.0149	0.0145	0.0145	0.0145	0.0145	0.0201	0.0145	0.0145	0.0146	0.0351	0.0145	0.0217	0.0145	0.0145	0.0145	0.0145	0.0145	0.0145	0	0.0145	0.0145	0.0146	0.0406
  r	0.02	0.02	0.0199	0.0201	0.0199	0.02	0.02	0.0272	0.02	0.02	0.0199	0.02	0.02	0.02	0.02	0.0199	0.02	0.02	0.02	0.02	0.02	0.02	0.02	0.02	0.02	0.02	0.02	0.02	0.02	0.02	0.02	0.02	0.02	0.02	0.02	0.02	0.02	0.02	0.0201	0.0199	0.02	0.02	0.02	0.02	0.02	0.02	0.02	0.02	0.02	0	0.02	0.026	0.02
  s	0.02	0.02	0.02	0.0201	0.0198	0.02	0.02	0.02	0.02	0.02	0.0199	0.02	0.02	0.02	0.02	0.0199	0.02	0.02	0.02	0.0301	0.02	0.02	0.02	0.02	0.02	0.027	0.02	0.02	0.02	0.02	0.02	0.02	0.02	0.02	0.02	0.02	0.02	0.02	0.0201	0.02	0.02	0.0294	0.02	0.02	0.02	0.02	0.02	0.02	0.02	0.02	0	0.02	0.02
  t	0.0183	0.0183	0.0276	0.0184	0.0309	0.0183	0.0183	0.0279	0.0183	0.0183	0.0183	0.0183	0.0183	0.0184	0.0183	0.0183	0.0183	0.0183	0.0183	0.0183	0.0183	0.0183	0.0183	0.0195	0.0183	0.0183	0.0183	0.0183	0.0184	0.0183	0.0183	0.0183	0.0183	0.0183	0.0183	0.0183	0.0183	0.0183	0.0184	0.0192	0.0183	0.0183	0.0183	0.0183	0.0183	0.0183	0.0183	0.0183	0.0184	0.0238	0.0183	0	0.0184
  u	0.0122	0.0113	0.0122	0.0325	0.0477	0.0113	0.0113	0.016	0.0123	0.0113	0.0116	0.0113	0.0193	0.0113	0.0271	0.0113	0.0307	0.0171	0.0113	0.0113	0.0119	0.0125	0.0113	0.0504	0.0113	0.0198	0.0113	0.0113	0.0146	0.0123	0.0162	0.0124	0.0113	0.0113	0.0113	0.0113	0.0113	0.0113	0.0194	0.1341	0.0113	0.0113	0.0113	0.0155	0.0228	0.0113	0.0113	0.0113	0.0316	0.0113	0.0113	0.0113	0
