Map from character to field name
A:	17os4133
B:	708
C:	alaska
D:	alb
E:	alberta
F:	barrow
G:	british_columbia
H:	california
I:	canada
J:	delaware
K:	delaware_bay
L:	georgia
M:	guatemala
N:	idaho
O:	illinois
P:	interior_alaska
Q:	iowa
R:	kansas
S:	louisiana
T:	maine
U:	manitoba
V:	maryland
W:	michigan
X:	minnesota
Y:	mississippi
Z:	missouri
[:	mn
\:	nevada
]:	new_brunswick
^:	new_hampshire
_:	new_jersey
`:	new_york
a:	newfoundland
b:	nj
c:	north_carolina
d:	north_dakota
e:	nova_scotia
f:	nunavet
g:	ny
h:	ohio
i:	ontario
j:	pennsylvania
k:	prince_edward_island
l:	quebec
m:	saskatchewan
n:	south_carolina
o:	south_dakota
p:	southcentral_alaska
q:	texas
r:	utah
s:	vermont
t:	washington
u:	wisconsin
v:	?


Substitution rate (mu): 56.70423

Equilibrium frequencies (pi_i):
  A: 0.0209
  B: 0.0211
  C: 0.0123
  D: 0.0127
  E: 0.0133
  F: 0.021
  G: 0.0192
  H: 0.0161
  I: 0.0203
  J: 0.0202
  K: 0.0189
  L: 0.0211
  M: 0.0184
  N: 0.0189
  O: 0.0178
  P: 0.017
  Q: 0.0185
  R: 0.0199
  S: 0.0194
  T: 0.0203
  U: 0.0207
  V: 0.0159
  W: 0.0197
  X: 0.0128
  Y: 0.0207
  Z: 0.015
  [: 0.0188
  \: 0.0211
  ]: 0.0203
  ^: 0.0208
  _: 0.0164
  `: 0.0208
  a: 0.021
  b: 0.0208
  c: 0.021
  d: 0.0202
  e: 0.0204
  f: 0.0213
  g: 0.0197
  h: 0.0107
  i: 0.0209
  j: 0.0215
  k: 0.0217
  l: 0.0203
  m: 0.0188
  n: 0.021
  o: 0.0205
  p: 0.0211
  q: 0.0148
  r: 0.0212
  s: 0.0212
  t: 0.0198
  u: 0.0119

Symmetrized rates from j->i (W_ij):
	A	B	C	D	E	F	G	H	I	J	K	L	M	N	O	P	Q	R	S	T	U	V	W	X	Y	Z	[	\	]	^	_	`	a	b	c	d	e	f	g	h	i	j	k	l	m	n	o	p	q	r	s	t	u
  A	0	0.946	0.9443	0.9508	0.9445	0.946	0.9459	0.9466	0.946	0.9462	0.9438	0.9458	0.9462	0.9471	0.9469	0.9435	0.9465	0.9463	0.9459	0.9457	0.9462	0.9459	0.9461	0.9458	0.9467	1.2691	0.9459	0.9461	0.9454	0.9544	0.9454	0.9561	0.9461	0.946	0.946	0.9466	0.946	0.946	0.9501	1.0407	0.946	0.9461	0.9461	0.946	0.9459	0.946	0.946	0.9461	0.9459	0.9466	0.9462	0.9467	1.025
  B	0.946	0	0.9442	0.9504	0.9388	0.9459	0.9458	0.9462	0.9459	0.9462	0.9437	0.9457	0.946	0.9468	0.9465	0.9434	0.9463	0.9461	0.9459	0.9455	0.9461	1.4191	0.946	0.9452	0.9466	0.9463	0.9458	0.946	0.9453	0.9464	0.945	0.9464	0.946	0.9459	0.9459	0.9464	0.9459	0.9459	0.9497	0.9431	0.9459	0.946	0.9461	0.9459	0.9457	0.9459	0.9459	0.946	0.9456	0.9465	0.946	0.9466	0.9481
  C	0.9443	0.9442	0	0.9843	6.6986	1.4143	0.9445	1.4144	0.9446	0.9448	0.9438	0.9441	0.9457	0.9467	0.9507	4.807	0.9449	0.9447	0.9453	0.9442	1.0057	1.0237	0.9451	2.421	0.9457	0.9472	0.9453	0.9443	0.9454	0.9446	0.9449	0.9446	0.9443	0.9443	0.9443	0.9454	0.9445	0.9442	0.9473	1.0318	0.9443	0.9442	0.9444	0.9444	0.9445	0.9442	0.9443	0.9443	1.0587	0.9452	0.9443	1.9119	1.0291
  D	0.9508	0.9504	0.9843	0	5.0756	0.9504	0.9502	0.9514	0.9506	0.9506	0.9509	0.9503	0.9522	0.9518	0.9539	0.9492	0.9537	0.9518	0.9505	0.9504	0.9508	0.9513	0.9508	0.968	0.9516	0.9526	0.9505	0.9505	1.1277	0.9512	0.9501	0.9512	0.9504	0.9504	0.9504	0.9511	0.9511	0.9505	0.9838	1.1325	0.9505	0.9506	0.9522	0.9509	1.4213	0.9504	0.9504	0.9505	0.9542	0.9508	0.9505	0.9512	2.7628
  E	0.9445	0.9388	6.6986	5.0756	0	0.9422	1.635	2.823	0.9628	1.41	2.5599	0.9386	1.016	1.7622	1.0544	2.8288	0.9418	1.0049	1.7695	0.9396	0.9429	1.2334	1.3036	3.1231	1.0558	2.3996	1.282	0.9394	1.1198	0.9415	0.9807	0.9418	0.939	0.9673	0.9389	0.978	0.9531	0.9386	0.9609	2.5618	0.9389	0.9389	0.9513	0.943	1.4007	0.9388	0.939	0.9388	3.2966	0.9404	0.9389	1.4735	4.1152
  F	0.946	0.9459	1.4143	0.9504	0.9422	0	0.9458	0.9462	0.9458	0.9461	0.9437	0.9457	0.946	0.9468	0.9465	0.9435	0.9463	0.9461	0.9458	0.9455	0.9461	0.9456	0.946	0.9451	0.9466	0.9463	0.9458	0.946	0.9452	0.9464	0.9449	0.9464	0.946	0.9458	0.9459	0.9464	0.9459	0.9459	0.9497	0.9429	0.9459	0.9459	0.946	0.9459	0.9457	0.9459	0.9459	0.946	0.9456	0.9465	0.946	0.9466	0.9481
  G	0.9459	0.9458	0.9445	0.9502	1.635	0.9458	0	0.9464	0.9458	0.946	0.947	0.9457	0.9461	0.947	0.9466	0.9437	0.9462	0.946	0.9458	0.9455	0.946	0.9473	0.946	0.9536	0.9467	0.9465	0.9472	0.9459	0.9455	0.9463	0.9451	0.9463	0.9459	0.9458	0.9458	0.9464	0.9459	0.9458	0.9493	1.1749	0.9458	0.9459	0.946	0.9459	0.9457	0.9458	0.9458	0.9459	0.9458	0.9463	0.9459	0.9466	0.9487
  H	0.9466	0.9462	1.4144	0.9514	2.823	0.9462	0.9464	0	0.9472	0.9468	0.9463	0.9461	1.3998	2.3519	0.9828	1.4569	0.9484	0.9466	0.9559	0.9462	0.9466	0.9482	0.9469	1.9479	0.9491	1.2217	0.9479	1.4067	1.6879	0.9468	1.0704	0.9468	0.9464	0.9463	0.9462	1.0779	0.9471	0.9462	0.95	0.9859	0.9462	0.9464	0.9468	0.9464	0.9499	0.9462	0.9462	0.9464	1.7387	1.2876	0.9464	1.445	1.2511
  I	0.946	0.9459	0.9446	0.9506	0.9628	0.9458	0.9458	0.9472	0	0.9463	0.9438	0.9457	0.9463	0.9586	1.0648	0.9437	0.9465	0.946	0.9459	0.9458	0.9461	0.9481	0.946	1.2037	0.9467	0.9469	0.9464	0.946	1.4898	0.9464	1.4183	0.9464	0.946	0.9458	0.9459	0.9598	0.948	0.9459	0.9497	1.4261	0.9459	0.9459	0.9463	0.9461	0.9457	0.9459	0.9459	0.946	0.946	0.9464	0.9459	0.9466	0.9691
  J	0.9462	0.9462	0.9448	0.9506	1.41	0.9461	0.946	0.9468	0.9463	0	0.944	0.9459	0.9464	0.9473	0.9477	0.9438	0.9467	0.9463	0.9462	0.946	0.9465	1.207	0.9463	1.0911	0.947	0.9468	0.9467	0.9462	1.123	0.9466	1.4194	0.9466	0.9462	0.9461	0.9462	0.947	1.0095	0.9461	0.9498	1.0163	0.9463	0.9461	1.164	0.9674	0.946	0.9461	0.9461	0.9462	0.9467	0.9466	0.9462	0.9468	0.9598
  K	0.9438	0.9437	0.9438	0.9509	2.5599	0.9437	0.947	0.9463	0.9438	0.944	0	1.891	0.9444	0.9467	0.9456	0.9422	0.9486	0.9441	0.944	0.9437	0.9439	0.9525	0.9441	1.056	0.9447	0.9485	0.9451	0.9438	0.9498	0.9442	9.1308	0.9442	0.9482	0.9506	0.9437	0.9444	0.9463	0.9436	0.9472	1.2202	0.9437	0.9437	0.9441	0.9447	0.9438	1.419	0.9437	0.9437	0.9449	0.9441	0.9437	0.9447	0.9511
  L	0.9458	0.9457	0.9441	0.9503	0.9386	0.9457	0.9457	0.9461	0.9457	0.9459	1.891	0	0.9459	0.9467	0.9464	0.9433	0.9461	0.9459	0.9457	0.9453	0.9459	0.9454	0.9458	0.945	0.9465	0.9462	0.9456	0.9458	0.945	0.9462	0.9449	0.9463	0.9458	0.9457	0.9457	0.9463	0.9457	0.9457	0.9495	0.9428	0.9457	0.9458	0.9459	0.9457	0.9456	0.9457	0.9457	0.9458	0.9454	0.9463	0.9458	0.9464	0.9479
  M	0.9462	0.946	0.9457	0.9522	1.016	0.946	0.9461	1.3998	0.9463	0.9464	0.9444	0.9459	0	1.1489	1.4357	0.9446	0.9476	0.9463	0.9468	0.9458	0.9464	0.9465	0.9465	1.469	1.3076	0.9646	0.9462	0.9464	0.9493	0.9467	0.9459	0.9467	0.9461	0.946	0.946	1.0734	0.9462	0.946	0.9509	1.4191	0.946	0.9462	0.9462	0.9462	0.946	0.946	0.946	0.9461	2.9215	0.9469	0.9461	0.9475	1.5982
  N	0.9471	0.9468	0.9467	0.9518	1.7622	0.9468	0.947	2.3519	0.9586	0.9473	0.9467	0.9467	1.1489	0	1.0228	0.9457	0.9473	0.9471	0.9472	0.9467	0.947	0.9478	0.9472	1.0548	1.2828	1.1777	0.9476	1.0505	0.9705	0.9474	1.0629	0.9474	0.9469	0.947	0.9468	1.0718	0.9472	0.9468	0.9503	1.1205	0.9469	0.9469	0.9472	0.947	0.9468	0.9468	0.9469	0.9469	0.9493	0.9496	0.947	0.9501	0.9541
  O	0.9469	0.9465	0.9507	0.9539	1.0544	0.9465	0.9466	0.9828	1.0648	0.9477	0.9456	0.9464	1.4357	1.0228	0	1.3541	1.1351	0.9469	0.9467	0.9467	0.9469	0.9511	0.9467	1.3349	0.9477	1.0662	0.9475	0.947	0.9791	0.9476	0.9912	0.9477	0.9467	0.9467	0.9466	1.0291	0.947	0.9465	0.9531	2.692	0.9466	0.9466	0.9469	1.0302	0.9466	0.9465	0.9467	0.9466	0.9861	0.9471	0.9467	0.9474	2.3758
  P	0.9435	0.9434	4.807	0.9492	2.8288	0.9435	0.9437	1.4569	0.9437	0.9438	0.9422	0.9433	0.9446	0.9457	1.3541	0	0.9441	0.9438	0.9438	0.9432	0.9439	0.9446	0.9439	0.9498	0.9445	0.9453	0.9438	0.9436	1.154	0.9439	0.9434	0.9439	0.9435	0.9434	0.9434	0.9443	0.9439	0.9434	0.9468	0.9434	0.9435	0.9434	0.9437	0.9436	0.9437	0.9434	0.9435	0.9435	0.9459	0.9442	0.9435	0.9456	0.9479
  Q	0.9465	0.9463	0.9449	0.9537	0.9418	0.9463	0.9462	0.9484	0.9465	0.9467	0.9486	0.9461	0.9476	0.9473	1.1351	0.9441	0	0.9466	0.9466	1.2763	0.9467	1.0076	0.9466	0.9755	0.947	0.9488	0.9464	0.9464	0.9471	0.9471	1.4657	0.9471	0.9465	0.9467	0.9463	0.9471	0.9503	0.9463	0.9532	1.3493	0.9463	0.9464	0.9465	1.1391	0.9462	0.9463	0.9463	0.9464	2.0874	0.9468	0.9464	0.9469	2.5966
  R	0.9463	0.9461	0.9447	0.9518	1.0049	0.9461	0.946	0.9466	0.946	0.9463	0.9441	0.9459	0.9463	0.9471	0.9469	0.9438	0.9466	0	0.9461	0.9457	0.9463	0.9458	0.9462	0.9459	0.9468	1.075	0.946	0.9462	0.9456	0.9467	0.9454	0.9467	0.9461	0.946	0.9461	0.9466	0.9461	0.9461	0.9508	0.9449	0.9461	0.9462	0.9462	0.9462	0.946	0.9461	0.9461	0.9462	0.9463	0.9466	0.9462	0.9468	1.4403
  S	0.9459	0.9459	0.9453	0.9505	1.7695	0.9458	0.9458	0.9559	0.9459	0.9462	0.944	0.9457	0.9468	0.9472	0.9467	0.9438	0.9466	0.9461	0	0.9456	0.9462	0.9461	0.9466	1.4326	0.9494	0.9466	0.9459	0.946	0.9456	0.9463	0.9453	0.9463	0.9459	0.9458	0.9459	0.9468	0.946	0.9459	0.9495	0.9445	0.9459	0.9459	0.946	0.9459	0.9457	0.9459	0.9459	0.9459	3.0494	0.9464	0.9459	0.9468	0.9494
  T	0.9457	0.9455	0.9442	0.9504	0.9396	0.9455	0.9455	0.9462	0.9458	0.946	0.9437	0.9453	0.9458	0.9467	0.9467	0.9432	1.2763	0.9457	0.9456	0	0.9458	1.1362	0.9457	0.9791	0.9463	0.9473	0.9458	0.9456	1.2624	0.9463	1.0013	0.9463	0.9456	0.9456	0.9456	0.9464	0.9498	0.9455	0.9494	2.0873	0.9456	0.9475	0.9459	0.9458	0.9454	0.9455	0.9456	1.3141	0.9692	0.9461	1.4232	0.9463	0.9511
  U	0.9462	0.9461	1.0057	0.9508	0.9429	0.9461	0.946	0.9466	0.9461	0.9465	0.9439	0.9459	0.9464	0.947	0.9469	0.9439	0.9467	0.9463	0.9462	0.9458	0	1.1651	0.9462	1.0846	0.9469	0.9467	0.9464	0.9462	0.9457	0.9466	0.9454	0.9466	0.9462	0.946	0.9462	0.9468	0.9461	0.9461	0.9501	1.0782	0.9462	0.9462	0.9463	0.9461	0.946	0.9461	0.9461	0.9462	0.9598	0.9467	0.9462	0.9469	1.0025
  V	0.9459	1.4191	1.0237	0.9513	1.2334	0.9456	0.9473	0.9482	0.9481	1.207	0.9525	0.9454	0.9465	0.9478	0.9511	0.9446	1.0076	0.9458	0.9461	1.1362	1.1651	0	0.946	1.9459	0.9464	0.9479	0.9686	0.9457	2.3339	0.9469	1.2406	0.947	0.9458	0.9467	1.3162	0.9478	0.9862	0.9456	0.9502	6.2229	1.2856	0.9456	0.9856	0.9625	0.9458	0.9456	0.9458	0.9469	1.0727	0.946	0.9468	0.9469	1.0633
  W	0.9461	0.946	0.9451	0.9508	1.3036	0.946	0.946	0.9469	0.946	0.9463	0.9441	0.9458	0.9465	0.9472	0.9467	0.9439	0.9466	0.9462	0.9466	0.9457	0.9462	0.946	0	0.9458	0.9468	0.9468	0.946	0.9461	0.9455	0.9466	0.9452	0.9466	0.946	0.946	0.946	0.9467	0.946	0.946	0.9497	1.4122	0.946	0.9461	0.9462	0.946	0.9459	0.946	0.946	0.9461	1.0627	0.9465	0.9461	0.9468	0.9523
  X	0.9458	0.9452	2.421	0.968	3.1231	0.9451	0.9536	1.9479	1.2037	1.0911	1.056	0.945	1.469	1.0548	1.3349	0.9498	0.9755	0.9459	1.4326	0.9791	1.0846	1.9459	0.9458	0	1.4193	1.4198	4.4213	0.9458	1.2213	0.9469	2.1	0.947	1.0034	0.9642	0.9454	2.2103	1.0861	0.9451	0.9581	6.6997	0.9454	0.9452	0.9464	0.9507	0.9455	0.9451	0.9452	0.9452	1.8648	0.9458	0.9452	0.9609	4.2915
  Y	0.9467	0.9466	0.9457	0.9516	1.0558	0.9466	0.9467	0.9491	0.9467	0.947	0.9447	0.9465	1.3076	1.2828	0.9477	0.9445	0.947	0.9468	0.9494	0.9463	0.9469	0.9464	0.9468	1.4193	0	0.9474	0.9466	0.9469	0.9461	0.9471	0.9458	0.9471	0.9467	0.9466	0.9466	0.9476	0.9467	0.9466	0.9503	0.944	0.9467	0.9467	0.9468	0.9466	0.9465	0.9466	0.9466	0.9467	0.9476	0.9472	0.9467	0.9475	0.9495
  Z	1.2691	0.9463	0.9472	0.9526	2.3996	0.9463	0.9465	1.2217	0.9469	0.9468	0.9485	0.9462	0.9646	1.1777	1.0662	0.9453	0.9488	1.075	0.9466	0.9473	0.9467	0.9479	0.9468	1.4198	0.9474	0	0.9467	0.9466	0.9472	1.0503	1.2704	1.0612	0.9465	0.9466	0.9464	0.9485	0.9466	0.9463	0.9512	3.1899	0.9464	1.1414	0.9465	0.9467	0.9466	0.9463	0.9483	0.9464	1.4664	0.947	1.2757	0.9476	1.8004
  [	0.9459	0.9458	0.9453	0.9505	1.282	0.9458	0.9472	0.9479	0.9464	0.9467	0.9451	0.9456	0.9462	0.9476	0.9475	0.9438	0.9464	0.946	0.9459	0.9458	0.9464	0.9686	0.946	4.4213	0.9466	0.9467	0	0.9459	0.9463	0.9465	0.9464	0.9465	0.9461	0.9459	0.9458	0.9471	0.9461	0.9458	0.9496	1.9152	0.9459	0.9458	0.946	0.9462	0.9457	0.9458	0.9458	0.9459	0.9465	0.9463	0.9459	0.9472	0.951
  \	0.9461	0.946	0.9443	0.9505	0.9394	0.946	0.9459	1.4067	0.946	0.9462	0.9438	0.9458	0.9464	1.0505	0.947	0.9436	0.9464	0.9462	0.946	0.9456	0.9462	0.9457	0.9461	0.9458	0.9469	0.9466	0.9459	0	0.9455	0.9465	0.9451	0.9465	0.9461	0.946	0.946	0.9472	0.946	0.946	0.9498	0.9437	0.946	0.9461	0.9462	0.946	0.9458	0.946	0.946	0.9461	0.9458	0.9469	0.9461	0.9471	0.9482
  ]	0.9454	0.9453	0.9454	1.1277	1.1198	0.9452	0.9455	1.6879	1.4898	1.123	0.9498	0.945	0.9493	0.9705	0.9791	1.154	0.9471	0.9456	0.9456	1.2624	0.9457	2.3339	0.9455	1.2213	0.9461	0.9472	0.9463	0.9455	0	0.9459	1.4888	0.946	0.9475	0.9454	0.9454	0.9719	4.7991	0.9475	0.9502	1.8469	0.9556	0.9452	2.9551	1.1635	1.4202	0.9452	0.9453	1.2625	0.9702	0.9462	0.9453	0.948	1.2313
  ^	0.9544	0.9464	0.9446	0.9512	0.9415	0.9464	0.9463	0.9468	0.9464	0.9466	0.9442	0.9462	0.9467	0.9474	0.9476	0.9439	0.9471	0.9467	0.9463	0.9463	0.9466	0.9469	0.9466	0.9469	0.9471	1.0503	0.9465	0.9465	0.9459	0	0.9457	1.1278	0.9465	0.9464	0.9464	0.9471	0.9465	0.9464	0.9506	1.1068	0.9464	0.9465	0.9466	0.9466	0.9463	0.9464	0.9465	0.9465	0.9466	0.947	0.9466	0.9471	1.034
  _	0.9454	0.945	0.9449	0.9501	0.9807	0.9449	0.9451	1.0704	1.4183	1.4194	9.1308	0.9449	0.9459	1.0629	0.9912	0.9434	1.4657	0.9454	0.9453	1.0013	0.9454	1.2406	0.9452	2.1	0.9458	1.2704	0.9464	0.9451	1.4888	0.9457	0	0.9457	1.3813	2.3692	0.945	0.9464	1.164	0.945	0.949	1.5609	0.9451	0.945	0.9458	0.9752	0.9452	0.9492	0.945	0.9451	0.9968	0.9454	0.9451	0.9457	1.3565
  `	0.9561	0.9464	0.9446	0.9512	0.9418	0.9464	0.9463	0.9468	0.9464	0.9466	0.9442	0.9463	0.9467	0.9474	0.9477	0.9439	0.9471	0.9467	0.9463	0.9463	0.9466	0.947	0.9466	0.947	0.9471	1.0612	0.9465	0.9465	0.946	1.1278	0.9457	0	0.9465	0.9465	0.9464	0.9471	0.9465	0.9464	0.9506	1.1262	0.9465	0.9466	0.9466	0.9466	0.9463	0.9464	0.9465	0.9465	0.9466	0.947	0.9466	0.9471	1.0438
  a	0.9461	0.946	0.9443	0.9504	0.939	0.946	0.9459	0.9464	0.946	0.9462	0.9482	0.9458	0.9461	0.9469	0.9467	0.9435	0.9465	0.9461	0.9459	0.9456	0.9462	0.9458	0.946	1.0034	0.9467	0.9465	0.9461	0.9461	0.9475	0.9465	1.3813	0.9465	0	0.946	0.946	0.9466	0.9474	0.946	0.9497	0.9455	0.946	0.946	0.9461	0.946	0.9458	0.946	0.946	0.9461	0.9457	0.9465	0.9461	0.9466	0.9502
  b	0.946	0.9459	0.9443	0.9504	0.9673	0.9458	0.9458	0.9463	0.9458	0.9461	0.9506	0.9457	0.946	0.947	0.9467	0.9434	0.9467	0.946	0.9458	0.9456	0.946	0.9467	0.946	0.9642	0.9466	0.9466	0.9459	0.946	0.9454	0.9464	2.3692	0.9465	0.946	0	0.9459	0.9464	0.946	0.9459	0.9501	1.364	0.9459	0.9459	0.946	0.946	0.9457	0.9459	0.9459	0.9459	0.9457	0.9464	0.9459	0.9466	0.9522
  c	0.946	0.9459	0.9443	0.9504	0.9389	0.9459	0.9458	0.9462	0.9459	0.9462	0.9437	0.9457	0.946	0.9468	0.9466	0.9434	0.9463	0.9461	0.9459	0.9456	0.9462	1.3162	0.946	0.9454	0.9466	0.9464	0.9458	0.946	0.9454	0.9464	0.945	0.9464	0.946	0.9459	0	0.9465	0.946	0.9459	0.9497	1.0553	0.946	0.946	0.9461	0.946	0.9457	0.9459	0.9459	0.946	0.9456	0.9465	0.946	0.9466	0.9483
  d	0.9466	0.9464	0.9454	0.9511	0.978	0.9464	0.9464	1.0779	0.9598	0.947	0.9444	0.9463	1.0734	1.0718	1.0291	0.9443	0.9471	0.9466	0.9468	0.9464	0.9468	0.9478	0.9467	2.2103	0.9476	0.9485	0.9471	0.9472	0.9719	0.9471	0.9464	0.9471	0.9466	0.9464	0.9465	0	0.9468	0.9464	0.9503	1.5981	0.9465	0.9466	0.9468	0.9466	0.9463	0.9464	0.9477	0.9465	1.3167	0.9472	0.9465	0.9475	0.9553
  e	0.946	0.9459	0.9445	0.9511	0.9531	0.9459	0.9459	0.9471	0.948	1.0095	0.9463	0.9457	0.9462	0.9472	0.947	0.9439	0.9503	0.9461	0.946	0.9498	0.9461	0.9862	0.946	1.0861	0.9467	0.9466	0.9461	0.946	4.7991	0.9465	1.164	0.9465	0.9474	0.946	0.946	0.9468	0	1.419	0.9497	1.2616	0.946	0.946	2.0399	1.219	0.9459	0.9459	0.9459	0.9463	0.9528	0.9465	0.946	0.9466	0.9504
  f	0.946	0.9459	0.9442	0.9505	0.9386	0.9459	0.9458	0.9462	0.9459	0.9461	0.9436	0.9457	0.946	0.9468	0.9465	0.9434	0.9463	0.9461	0.9459	0.9455	0.9461	0.9456	0.946	0.9451	0.9466	0.9463	0.9458	0.946	0.9475	0.9464	0.945	0.9464	0.946	0.9459	0.9459	0.9464	1.419	0	0.9497	0.9428	0.9459	0.946	0.9461	0.946	0.9457	0.9459	0.9459	0.946	0.9456	0.9465	0.946	0.9466	0.9481
  g	0.9501	0.9497	0.9473	0.9838	0.9609	0.9497	0.9493	0.95	0.9497	0.9498	0.9472	0.9495	0.9509	0.9503	0.9531	0.9468	0.9532	0.9508	0.9495	0.9494	0.9501	0.9502	0.9497	0.9581	0.9503	0.9512	0.9496	0.9498	0.9502	0.9506	0.949	0.9506	0.9497	0.9501	0.9497	0.9503	0.9497	0.9497	0	1.4029	0.9497	0.9498	0.95	0.9501	0.9517	0.9497	0.9497	0.9497	0.9526	0.9502	0.9498	0.9501	1.6358
  h	1.0407	0.9431	1.0318	1.1325	2.5618	0.9429	1.1749	0.9859	1.4261	1.0163	1.2202	0.9428	1.4191	1.1205	2.692	0.9434	1.3493	0.9449	0.9445	2.0873	1.0782	6.2229	1.4122	6.6997	0.944	3.1899	1.9152	0.9437	1.8469	1.1068	1.5609	1.1262	0.9455	1.364	1.0553	1.5981	1.2616	0.9428	1.4029	0	1.1096	0.9431	0.9586	1.423	0.9469	0.9429	1.4134	0.9431	2.1705	0.9432	0.9454	0.995	10.6183
  i	0.946	0.9459	0.9443	0.9505	0.9389	0.9459	0.9458	0.9462	0.9459	0.9463	0.9437	0.9457	0.946	0.9469	0.9466	0.9435	0.9463	0.9461	0.9459	0.9456	0.9462	1.2856	0.946	0.9454	0.9467	0.9464	0.9459	0.946	0.9556	0.9464	0.9451	0.9465	0.946	0.9459	0.946	0.9465	0.946	0.9459	0.9497	1.1096	0	0.946	0.9461	0.946	0.9457	0.9459	0.9459	0.946	0.9457	0.9465	0.946	0.9466	0.9485
  j	0.9461	0.946	0.9442	0.9506	0.9389	0.9459	0.9459	0.9464	0.9459	0.9461	0.9437	0.9458	0.9462	0.9469	0.9466	0.9434	0.9464	0.9462	0.9459	0.9475	0.9462	0.9456	0.9461	0.9452	0.9467	1.1414	0.9458	0.9461	0.9452	0.9465	0.945	0.9466	0.946	0.9459	0.946	0.9466	0.946	0.946	0.9498	0.9431	0.946	0	0.9461	0.946	0.9458	0.946	0.946	0.9461	1.4186	0.9465	1.3918	0.9467	0.9484
  k	0.9461	0.9461	0.9444	0.9522	0.9513	0.946	0.946	0.9468	0.9463	1.164	0.9441	0.9459	0.9462	0.9472	0.9469	0.9437	0.9465	0.9462	0.946	0.9459	0.9463	0.9856	0.9462	0.9464	0.9468	0.9465	0.946	0.9462	2.9551	0.9466	0.9458	0.9466	0.9461	0.946	0.9461	0.9468	2.0399	0.9461	0.95	0.9586	0.9461	0.9461	0	1.041	0.9459	0.9461	0.9461	0.9464	0.9458	0.9466	0.9461	0.9468	0.9505
  l	0.946	0.9459	0.9444	0.9509	0.943	0.9459	0.9459	0.9464	0.9461	0.9674	0.9447	0.9457	0.9462	0.947	1.0302	0.9436	1.1391	0.9462	0.9459	0.9458	0.9461	0.9625	0.946	0.9507	0.9466	0.9467	0.9462	0.946	1.1635	0.9466	0.9752	0.9466	0.946	0.946	0.946	0.9466	1.219	0.946	0.9501	1.423	0.946	0.946	1.041	0	0.9459	0.9459	0.9459	0.946	0.9463	0.9465	0.946	0.9466	1.146
  m	0.9459	0.9457	0.9445	1.4213	1.4007	0.9457	0.9457	0.9499	0.9457	0.946	0.9438	0.9456	0.946	0.9468	0.9466	0.9437	0.9462	0.946	0.9457	0.9454	0.946	0.9458	0.9459	0.9455	0.9465	0.9466	0.9457	0.9458	1.4202	0.9463	0.9452	0.9463	0.9458	0.9457	0.9457	0.9463	0.9459	0.9457	0.9517	0.9469	0.9457	0.9458	0.9459	0.9459	0	0.9457	0.9457	0.9458	0.946	0.9462	0.9458	0.9465	1.9164
  n	0.946	0.9459	0.9442	0.9504	0.9388	0.9459	0.9458	0.9462	0.9459	0.9461	1.419	0.9457	0.946	0.9468	0.9465	0.9434	0.9463	0.9461	0.9459	0.9455	0.9461	0.9456	0.946	0.9451	0.9466	0.9463	0.9458	0.946	0.9452	0.9464	0.9492	0.9464	0.946	0.9459	0.9459	0.9464	0.9459	0.9459	0.9497	0.9429	0.9459	0.946	0.9461	0.9459	0.9457	0	0.9459	0.946	0.9456	0.9465	0.946	0.9466	0.948
  o	0.946	0.9459	0.9443	0.9504	0.939	0.9459	0.9458	0.9462	0.9459	0.9461	0.9437	0.9457	0.946	0.9469	0.9467	0.9435	0.9463	0.9461	0.9459	0.9456	0.9461	0.9458	0.946	0.9452	0.9466	0.9483	0.9458	0.946	0.9453	0.9465	0.945	0.9465	0.946	0.9459	0.9459	0.9477	0.9459	0.9459	0.9497	1.4134	0.9459	0.946	0.9461	0.9459	0.9457	0.9459	0	0.946	0.9457	0.9465	0.946	0.9466	0.9488
  p	0.9461	0.946	0.9443	0.9505	0.9388	0.946	0.9459	0.9464	0.946	0.9462	0.9437	0.9458	0.9461	0.9469	0.9466	0.9435	0.9464	0.9462	0.9459	1.3141	0.9462	0.9469	0.9461	0.9452	0.9467	0.9464	0.9459	0.9461	1.2625	0.9465	0.9451	0.9465	0.9461	0.9459	0.946	0.9465	0.9463	0.946	0.9497	0.9431	0.946	0.9461	0.9464	0.946	0.9458	0.946	0.946	0	0.9456	0.9466	0.9461	0.9467	0.9481
  q	0.9459	0.9456	1.0587	0.9542	3.2966	0.9456	0.9458	1.7387	0.946	0.9467	0.9449	0.9454	2.9215	0.9493	0.9861	0.9459	2.0874	0.9463	3.0494	0.9692	0.9598	1.0727	1.0627	1.8648	0.9476	1.4664	0.9465	0.9458	0.9702	0.9466	0.9968	0.9466	0.9457	0.9457	0.9456	1.3167	0.9528	0.9456	0.9526	2.1705	0.9457	1.4186	0.9458	0.9463	0.946	0.9456	0.9457	0.9456	0	0.9464	0.9458	0.9521	3.2075
  r	0.9466	0.9465	0.9452	0.9508	0.9404	0.9465	0.9463	1.2876	0.9464	0.9466	0.9441	0.9463	0.9469	0.9496	0.9471	0.9442	0.9468	0.9466	0.9464	0.9461	0.9467	0.946	0.9465	0.9458	0.9472	0.947	0.9463	0.9469	0.9462	0.947	0.9454	0.947	0.9465	0.9464	0.9465	0.9472	0.9465	0.9465	0.9502	0.9432	0.9465	0.9465	0.9466	0.9465	0.9462	0.9465	0.9465	0.9466	0.9464	0	0.9466	1.2315	0.9485
  s	0.9462	0.946	0.9443	0.9505	0.9389	0.946	0.9459	0.9464	0.9459	0.9462	0.9437	0.9458	0.9461	0.947	0.9467	0.9435	0.9464	0.9462	0.9459	1.4232	0.9462	0.9468	0.9461	0.9452	0.9467	1.2757	0.9459	0.9461	0.9453	0.9466	0.9451	0.9466	0.9461	0.9459	0.946	0.9465	0.946	0.946	0.9498	0.9454	0.946	1.3918	0.9461	0.946	0.9458	0.946	0.946	0.9461	0.9458	0.9466	0	0.9467	0.9483
  t	0.9467	0.9466	1.9119	0.9512	1.4735	0.9466	0.9466	1.445	0.9466	0.9468	0.9447	0.9464	0.9475	0.9501	0.9474	0.9456	0.9469	0.9468	0.9468	0.9463	0.9469	0.9469	0.9468	0.9609	0.9475	0.9476	0.9472	0.9471	0.948	0.9471	0.9457	0.9471	0.9466	0.9466	0.9466	0.9475	0.9466	0.9466	0.9501	0.995	0.9466	0.9467	0.9468	0.9466	0.9465	0.9466	0.9466	0.9467	0.9521	1.2315	0.9467	0	0.95
  u	1.025	0.9481	1.0291	2.7628	4.1152	0.9481	0.9487	1.2511	0.9691	0.9598	0.9511	0.9479	1.5982	0.9541	2.3758	0.9479	2.5966	1.4403	0.9494	0.9511	1.0025	1.0633	0.9523	4.2915	0.9495	1.8004	0.951	0.9482	1.2313	1.034	1.3565	1.0438	0.9502	0.9522	0.9483	0.9553	0.9504	0.9481	1.6358	10.6183	0.9485	0.9484	0.9505	1.146	1.9164	0.948	0.9488	0.9481	3.2075	0.9485	0.9483	0.95	0

Actual rates from j->i (Q_ij):
	A	B	C	D	E	F	G	H	I	J	K	L	M	N	O	P	Q	R	S	T	U	V	W	X	Y	Z	[	\	]	^	_	`	a	b	c	d	e	f	g	h	i	j	k	l	m	n	o	p	q	r	s	t	u
  A	0	0.0198	0.0197	0.0199	0.0197	0.0198	0.0198	0.0198	0.0198	0.0198	0.0197	0.0198	0.0198	0.0198	0.0198	0.0197	0.0198	0.0198	0.0198	0.0198	0.0198	0.0198	0.0198	0.0198	0.0198	0.0265	0.0198	0.0198	0.0197	0.0199	0.0197	0.02	0.0198	0.0198	0.0198	0.0198	0.0198	0.0198	0.0198	0.0217	0.0198	0.0198	0.0198	0.0198	0.0198	0.0198	0.0198	0.0198	0.0198	0.0198	0.0198	0.0198	0.0214
  B	0.02	0	0.0199	0.0201	0.0198	0.02	0.02	0.02	0.02	0.02	0.0199	0.02	0.02	0.02	0.02	0.0199	0.02	0.02	0.02	0.02	0.02	0.03	0.02	0.02	0.02	0.02	0.02	0.02	0.02	0.02	0.0199	0.02	0.02	0.02	0.02	0.02	0.02	0.02	0.02	0.0199	0.02	0.02	0.02	0.02	0.02	0.02	0.02	0.02	0.02	0.02	0.02	0.02	0.02
  C	0.0116	0.0116	0	0.0121	0.0826	0.0174	0.0116	0.0174	0.0116	0.0117	0.0116	0.0116	0.0117	0.0117	0.0117	0.0593	0.0117	0.0117	0.0117	0.0116	0.0124	0.0126	0.0117	0.0299	0.0117	0.0117	0.0117	0.0116	0.0117	0.0116	0.0117	0.0116	0.0116	0.0116	0.0116	0.0117	0.0116	0.0116	0.0117	0.0127	0.0116	0.0116	0.0116	0.0116	0.0116	0.0116	0.0116	0.0116	0.0131	0.0117	0.0116	0.0236	0.0127
  D	0.0121	0.0121	0.0125	0	0.0646	0.0121	0.0121	0.0121	0.0121	0.0121	0.0121	0.0121	0.0121	0.0121	0.0121	0.0121	0.0121	0.0121	0.0121	0.0121	0.0121	0.0121	0.0121	0.0123	0.0121	0.0121	0.0121	0.0121	0.0144	0.0121	0.0121	0.0121	0.0121	0.0121	0.0121	0.0121	0.0121	0.0121	0.0125	0.0144	0.0121	0.0121	0.0121	0.0121	0.0181	0.0121	0.0121	0.0121	0.0121	0.0121	0.0121	0.0121	0.0352
  E	0.0126	0.0125	0.0894	0.0677	0	0.0126	0.0218	0.0377	0.0128	0.0188	0.0342	0.0125	0.0136	0.0235	0.0141	0.0377	0.0126	0.0134	0.0236	0.0125	0.0126	0.0165	0.0174	0.0417	0.0141	0.032	0.0171	0.0125	0.0149	0.0126	0.0131	0.0126	0.0125	0.0129	0.0125	0.013	0.0127	0.0125	0.0128	0.0342	0.0125	0.0125	0.0127	0.0126	0.0187	0.0125	0.0125	0.0125	0.044	0.0125	0.0125	0.0197	0.0549
  F	0.0199	0.0199	0.0297	0.02	0.0198	0	0.0199	0.0199	0.0199	0.0199	0.0198	0.0199	0.0199	0.0199	0.0199	0.0198	0.0199	0.0199	0.0199	0.0199	0.0199	0.0199	0.0199	0.0199	0.0199	0.0199	0.0199	0.0199	0.0199	0.0199	0.0199	0.0199	0.0199	0.0199	0.0199	0.0199	0.0199	0.0199	0.02	0.0198	0.0199	0.0199	0.0199	0.0199	0.0199	0.0199	0.0199	0.0199	0.0199	0.0199	0.0199	0.0199	0.0199
  G	0.0181	0.0181	0.0181	0.0182	0.0313	0.0181	0	0.0181	0.0181	0.0181	0.0181	0.0181	0.0181	0.0181	0.0181	0.0181	0.0181	0.0181	0.0181	0.0181	0.0181	0.0182	0.0181	0.0183	0.0181	0.0181	0.0181	0.0181	0.0181	0.0181	0.0181	0.0181	0.0181	0.0181	0.0181	0.0181	0.0181	0.0181	0.0182	0.0225	0.0181	0.0181	0.0181	0.0181	0.0181	0.0181	0.0181	0.0181	0.0181	0.0181	0.0181	0.0181	0.0182
  H	0.0152	0.0152	0.0227	0.0153	0.0454	0.0152	0.0152	0	0.0152	0.0152	0.0152	0.0152	0.0225	0.0378	0.0158	0.0234	0.0152	0.0152	0.0154	0.0152	0.0152	0.0152	0.0152	0.0313	0.0153	0.0196	0.0152	0.0226	0.0271	0.0152	0.0172	0.0152	0.0152	0.0152	0.0152	0.0173	0.0152	0.0152	0.0153	0.0158	0.0152	0.0152	0.0152	0.0152	0.0153	0.0152	0.0152	0.0152	0.0279	0.0207	0.0152	0.0232	0.0201
  I	0.0192	0.0192	0.0192	0.0193	0.0196	0.0192	0.0192	0.0192	0	0.0192	0.0192	0.0192	0.0192	0.0195	0.0216	0.0192	0.0192	0.0192	0.0192	0.0192	0.0192	0.0193	0.0192	0.0245	0.0192	0.0192	0.0192	0.0192	0.0303	0.0192	0.0288	0.0192	0.0192	0.0192	0.0192	0.0195	0.0193	0.0192	0.0193	0.029	0.0192	0.0192	0.0192	0.0192	0.0192	0.0192	0.0192	0.0192	0.0192	0.0192	0.0192	0.0192	0.0197
  J	0.0191	0.0191	0.0191	0.0192	0.0285	0.0191	0.0191	0.0191	0.0191	0	0.019	0.0191	0.0191	0.0191	0.0191	0.019	0.0191	0.0191	0.0191	0.0191	0.0191	0.0244	0.0191	0.022	0.0191	0.0191	0.0191	0.0191	0.0227	0.0191	0.0286	0.0191	0.0191	0.0191	0.0191	0.0191	0.0204	0.0191	0.0192	0.0205	0.0191	0.0191	0.0235	0.0195	0.0191	0.0191	0.0191	0.0191	0.0191	0.0191	0.0191	0.0191	0.0194
  K	0.0179	0.0179	0.0179	0.018	0.0485	0.0179	0.0179	0.0179	0.0179	0.0179	0	0.0358	0.0179	0.0179	0.0179	0.0178	0.018	0.0179	0.0179	0.0179	0.0179	0.018	0.0179	0.02	0.0179	0.018	0.0179	0.0179	0.018	0.0179	0.1728	0.0179	0.0179	0.018	0.0179	0.0179	0.0179	0.0179	0.0179	0.0231	0.0179	0.0179	0.0179	0.0179	0.0179	0.0269	0.0179	0.0179	0.0179	0.0179	0.0179	0.0179	0.018
  L	0.0199	0.0199	0.0199	0.02	0.0198	0.0199	0.0199	0.0199	0.0199	0.0199	0.0398	0	0.0199	0.0199	0.0199	0.0199	0.0199	0.0199	0.0199	0.0199	0.0199	0.0199	0.0199	0.0199	0.0199	0.0199	0.0199	0.0199	0.0199	0.0199	0.0199	0.0199	0.0199	0.0199	0.0199	0.0199	0.0199	0.0199	0.02	0.0199	0.0199	0.0199	0.0199	0.0199	0.0199	0.0199	0.0199	0.0199	0.0199	0.0199	0.0199	0.0199	0.02
  M	0.0174	0.0174	0.0174	0.0175	0.0187	0.0174	0.0174	0.0258	0.0174	0.0174	0.0174	0.0174	0	0.0212	0.0264	0.0174	0.0174	0.0174	0.0174	0.0174	0.0174	0.0174	0.0174	0.027	0.0241	0.0178	0.0174	0.0174	0.0175	0.0174	0.0174	0.0174	0.0174	0.0174	0.0174	0.0198	0.0174	0.0174	0.0175	0.0261	0.0174	0.0174	0.0174	0.0174	0.0174	0.0174	0.0174	0.0174	0.0538	0.0174	0.0174	0.0174	0.0294
  N	0.0179	0.0179	0.0179	0.018	0.0333	0.0179	0.0179	0.0444	0.0181	0.0179	0.0179	0.0179	0.0217	0	0.0193	0.0178	0.0179	0.0179	0.0179	0.0179	0.0179	0.0179	0.0179	0.0199	0.0242	0.0222	0.0179	0.0198	0.0183	0.0179	0.0201	0.0179	0.0179	0.0179	0.0179	0.0202	0.0179	0.0179	0.0179	0.0211	0.0179	0.0179	0.0179	0.0179	0.0179	0.0179	0.0179	0.0179	0.0179	0.0179	0.0179	0.0179	0.018
  O	0.0169	0.0169	0.017	0.017	0.0188	0.0169	0.0169	0.0175	0.019	0.0169	0.0169	0.0169	0.0256	0.0182	0	0.0242	0.0202	0.0169	0.0169	0.0169	0.0169	0.017	0.0169	0.0238	0.0169	0.019	0.0169	0.0169	0.0175	0.0169	0.0177	0.0169	0.0169	0.0169	0.0169	0.0184	0.0169	0.0169	0.017	0.048	0.0169	0.0169	0.0169	0.0184	0.0169	0.0169	0.0169	0.0169	0.0176	0.0169	0.0169	0.0169	0.0424
  P	0.016	0.016	0.0816	0.0161	0.048	0.016	0.016	0.0247	0.016	0.016	0.016	0.016	0.016	0.0161	0.023	0	0.016	0.016	0.016	0.016	0.016	0.016	0.016	0.0161	0.016	0.0161	0.016	0.016	0.0196	0.016	0.016	0.016	0.016	0.016	0.016	0.016	0.016	0.016	0.0161	0.016	0.016	0.016	0.016	0.016	0.016	0.016	0.016	0.016	0.0161	0.016	0.016	0.0161	0.0161
  Q	0.0175	0.0175	0.0175	0.0176	0.0174	0.0175	0.0175	0.0175	0.0175	0.0175	0.0175	0.0175	0.0175	0.0175	0.021	0.0175	0	0.0175	0.0175	0.0236	0.0175	0.0186	0.0175	0.018	0.0175	0.0175	0.0175	0.0175	0.0175	0.0175	0.0271	0.0175	0.0175	0.0175	0.0175	0.0175	0.0176	0.0175	0.0176	0.025	0.0175	0.0175	0.0175	0.0211	0.0175	0.0175	0.0175	0.0175	0.0386	0.0175	0.0175	0.0175	0.048
  R	0.0189	0.0189	0.0188	0.019	0.02	0.0189	0.0189	0.0189	0.0189	0.0189	0.0188	0.0188	0.0189	0.0189	0.0189	0.0188	0.0189	0	0.0189	0.0188	0.0189	0.0188	0.0189	0.0189	0.0189	0.0214	0.0189	0.0189	0.0188	0.0189	0.0188	0.0189	0.0189	0.0189	0.0189	0.0189	0.0189	0.0189	0.0189	0.0188	0.0189	0.0189	0.0189	0.0189	0.0189	0.0189	0.0189	0.0189	0.0189	0.0189	0.0189	0.0189	0.0287
  S	0.0184	0.0184	0.0184	0.0185	0.0344	0.0184	0.0184	0.0186	0.0184	0.0184	0.0183	0.0184	0.0184	0.0184	0.0184	0.0183	0.0184	0.0184	0	0.0184	0.0184	0.0184	0.0184	0.0278	0.0184	0.0184	0.0184	0.0184	0.0184	0.0184	0.0184	0.0184	0.0184	0.0184	0.0184	0.0184	0.0184	0.0184	0.0184	0.0183	0.0184	0.0184	0.0184	0.0184	0.0184	0.0184	0.0184	0.0184	0.0592	0.0184	0.0184	0.0184	0.0184
  T	0.0192	0.0192	0.0192	0.0193	0.0191	0.0192	0.0192	0.0192	0.0192	0.0192	0.0192	0.0192	0.0192	0.0192	0.0192	0.0192	0.0259	0.0192	0.0192	0	0.0192	0.0231	0.0192	0.0199	0.0192	0.0193	0.0192	0.0192	0.0257	0.0192	0.0204	0.0192	0.0192	0.0192	0.0192	0.0192	0.0193	0.0192	0.0193	0.0424	0.0192	0.0193	0.0192	0.0192	0.0192	0.0192	0.0192	0.0267	0.0197	0.0192	0.0289	0.0192	0.0193
  U	0.0196	0.0196	0.0208	0.0197	0.0195	0.0196	0.0196	0.0196	0.0196	0.0196	0.0195	0.0196	0.0196	0.0196	0.0196	0.0195	0.0196	0.0196	0.0196	0.0196	0	0.0241	0.0196	0.0224	0.0196	0.0196	0.0196	0.0196	0.0196	0.0196	0.0195	0.0196	0.0196	0.0196	0.0196	0.0196	0.0196	0.0196	0.0196	0.0223	0.0196	0.0196	0.0196	0.0196	0.0196	0.0196	0.0196	0.0196	0.0198	0.0196	0.0196	0.0196	0.0207
  V	0.015	0.0225	0.0162	0.0151	0.0196	0.015	0.015	0.015	0.015	0.0191	0.0151	0.015	0.015	0.015	0.0151	0.015	0.016	0.015	0.015	0.018	0.0185	0	0.015	0.0309	0.015	0.015	0.0154	0.015	0.037	0.015	0.0197	0.015	0.015	0.015	0.0209	0.015	0.0156	0.015	0.0151	0.0987	0.0204	0.015	0.0156	0.0153	0.015	0.015	0.015	0.015	0.017	0.015	0.015	0.015	0.0169
  W	0.0186	0.0186	0.0186	0.0187	0.0257	0.0186	0.0186	0.0187	0.0186	0.0186	0.0186	0.0186	0.0186	0.0187	0.0187	0.0186	0.0186	0.0186	0.0186	0.0186	0.0186	0.0186	0	0.0186	0.0187	0.0187	0.0186	0.0186	0.0186	0.0186	0.0186	0.0186	0.0186	0.0186	0.0186	0.0186	0.0186	0.0186	0.0187	0.0278	0.0186	0.0186	0.0186	0.0186	0.0186	0.0186	0.0186	0.0186	0.0209	0.0186	0.0186	0.0187	0.0188
  X	0.0122	0.0121	0.0311	0.0124	0.0401	0.0121	0.0123	0.025	0.0155	0.014	0.0136	0.0121	0.0189	0.0136	0.0172	0.0122	0.0125	0.0122	0.0184	0.0126	0.0139	0.025	0.0122	0	0.0182	0.0182	0.0568	0.0122	0.0157	0.0122	0.027	0.0122	0.0129	0.0124	0.0121	0.0284	0.014	0.0121	0.0123	0.0861	0.0121	0.0121	0.0122	0.0122	0.0121	0.0121	0.0121	0.0121	0.024	0.0122	0.0121	0.0123	0.0551
  Y	0.0196	0.0196	0.0196	0.0197	0.0219	0.0196	0.0196	0.0197	0.0196	0.0196	0.0196	0.0196	0.0271	0.0266	0.0196	0.0196	0.0196	0.0196	0.0197	0.0196	0.0196	0.0196	0.0196	0.0294	0	0.0196	0.0196	0.0196	0.0196	0.0196	0.0196	0.0196	0.0196	0.0196	0.0196	0.0196	0.0196	0.0196	0.0197	0.0196	0.0196	0.0196	0.0196	0.0196	0.0196	0.0196	0.0196	0.0196	0.0196	0.0196	0.0196	0.0196	0.0197
  Z	0.0191	0.0142	0.0142	0.0143	0.036	0.0142	0.0142	0.0183	0.0142	0.0142	0.0142	0.0142	0.0145	0.0177	0.016	0.0142	0.0142	0.0161	0.0142	0.0142	0.0142	0.0142	0.0142	0.0213	0.0142	0	0.0142	0.0142	0.0142	0.0158	0.0191	0.0159	0.0142	0.0142	0.0142	0.0142	0.0142	0.0142	0.0143	0.0479	0.0142	0.0171	0.0142	0.0142	0.0142	0.0142	0.0142	0.0142	0.022	0.0142	0.0192	0.0142	0.027
  [	0.0177	0.0177	0.0177	0.0178	0.024	0.0177	0.0178	0.0178	0.0178	0.0178	0.0177	0.0177	0.0178	0.0178	0.0178	0.0177	0.0178	0.0177	0.0177	0.0177	0.0178	0.0182	0.0177	0.0829	0.0178	0.0178	0	0.0177	0.0178	0.0178	0.0178	0.0178	0.0177	0.0177	0.0177	0.0178	0.0177	0.0177	0.0178	0.0359	0.0177	0.0177	0.0177	0.0178	0.0177	0.0177	0.0177	0.0177	0.0178	0.0178	0.0177	0.0178	0.0178
  \	0.0199	0.0199	0.0199	0.02	0.0198	0.0199	0.0199	0.0296	0.0199	0.0199	0.0199	0.0199	0.0199	0.0221	0.0199	0.0199	0.0199	0.0199	0.0199	0.0199	0.0199	0.0199	0.0199	0.0199	0.0199	0.0199	0.0199	0	0.0199	0.0199	0.0199	0.0199	0.0199	0.0199	0.0199	0.0199	0.0199	0.0199	0.02	0.0199	0.0199	0.0199	0.0199	0.0199	0.0199	0.0199	0.0199	0.0199	0.0199	0.0199	0.0199	0.0199	0.02
  ]	0.0191	0.0191	0.0191	0.0228	0.0227	0.0191	0.0192	0.0342	0.0302	0.0227	0.0192	0.0191	0.0192	0.0197	0.0198	0.0234	0.0192	0.0192	0.0192	0.0256	0.0192	0.0473	0.0192	0.0247	0.0192	0.0192	0.0192	0.0192	0	0.0192	0.0302	0.0192	0.0192	0.0191	0.0191	0.0197	0.0972	0.0192	0.0192	0.0374	0.0194	0.0191	0.0599	0.0236	0.0288	0.0191	0.0191	0.0256	0.0196	0.0192	0.0191	0.0192	0.0249
  ^	0.0199	0.0197	0.0197	0.0198	0.0196	0.0197	0.0197	0.0197	0.0197	0.0197	0.0197	0.0197	0.0197	0.0197	0.0197	0.0197	0.0197	0.0197	0.0197	0.0197	0.0197	0.0197	0.0197	0.0197	0.0197	0.0219	0.0197	0.0197	0.0197	0	0.0197	0.0235	0.0197	0.0197	0.0197	0.0197	0.0197	0.0197	0.0198	0.0231	0.0197	0.0197	0.0197	0.0197	0.0197	0.0197	0.0197	0.0197	0.0197	0.0197	0.0197	0.0197	0.0215
  _	0.0155	0.0155	0.0155	0.0156	0.0161	0.0155	0.0155	0.0176	0.0233	0.0233	0.1499	0.0155	0.0155	0.0175	0.0163	0.0155	0.0241	0.0155	0.0155	0.0164	0.0155	0.0204	0.0155	0.0345	0.0155	0.0209	0.0155	0.0155	0.0244	0.0155	0	0.0155	0.0227	0.0389	0.0155	0.0155	0.0191	0.0155	0.0156	0.0256	0.0155	0.0155	0.0155	0.016	0.0155	0.0156	0.0155	0.0155	0.0164	0.0155	0.0155	0.0155	0.0223
  `	0.0199	0.0197	0.0196	0.0198	0.0196	0.0197	0.0197	0.0197	0.0197	0.0197	0.0196	0.0197	0.0197	0.0197	0.0197	0.0196	0.0197	0.0197	0.0197	0.0197	0.0197	0.0197	0.0197	0.0197	0.0197	0.022	0.0197	0.0197	0.0196	0.0234	0.0196	0	0.0197	0.0197	0.0197	0.0197	0.0197	0.0197	0.0197	0.0234	0.0197	0.0197	0.0197	0.0197	0.0197	0.0197	0.0197	0.0197	0.0197	0.0197	0.0197	0.0197	0.0217
  a	0.0199	0.0199	0.0199	0.02	0.0197	0.0199	0.0199	0.0199	0.0199	0.0199	0.0199	0.0199	0.0199	0.0199	0.0199	0.0198	0.0199	0.0199	0.0199	0.0199	0.0199	0.0199	0.0199	0.0211	0.0199	0.0199	0.0199	0.0199	0.0199	0.0199	0.029	0.0199	0	0.0199	0.0199	0.0199	0.0199	0.0199	0.02	0.0199	0.0199	0.0199	0.0199	0.0199	0.0199	0.0199	0.0199	0.0199	0.0199	0.0199	0.0199	0.0199	0.02
  b	0.0196	0.0196	0.0196	0.0197	0.0201	0.0196	0.0196	0.0196	0.0196	0.0196	0.0197	0.0196	0.0196	0.0197	0.0196	0.0196	0.0196	0.0196	0.0196	0.0196	0.0196	0.0196	0.0196	0.02	0.0196	0.0196	0.0196	0.0196	0.0196	0.0196	0.0492	0.0196	0.0196	0	0.0196	0.0196	0.0196	0.0196	0.0197	0.0283	0.0196	0.0196	0.0196	0.0196	0.0196	0.0196	0.0196	0.0196	0.0196	0.0196	0.0196	0.0196	0.0198
  c	0.0198	0.0198	0.0198	0.0199	0.0197	0.0198	0.0198	0.0198	0.0198	0.0198	0.0198	0.0198	0.0198	0.0198	0.0198	0.0198	0.0198	0.0198	0.0198	0.0198	0.0198	0.0276	0.0198	0.0198	0.0198	0.0198	0.0198	0.0198	0.0198	0.0198	0.0198	0.0198	0.0198	0.0198	0	0.0198	0.0198	0.0198	0.0199	0.0221	0.0198	0.0198	0.0198	0.0198	0.0198	0.0198	0.0198	0.0198	0.0198	0.0198	0.0198	0.0198	0.0199
  d	0.0191	0.0191	0.0191	0.0192	0.0198	0.0191	0.0191	0.0218	0.0194	0.0191	0.0191	0.0191	0.0217	0.0217	0.0208	0.0191	0.0191	0.0191	0.0191	0.0191	0.0191	0.0192	0.0191	0.0447	0.0191	0.0192	0.0191	0.0191	0.0196	0.0191	0.0191	0.0191	0.0191	0.0191	0.0191	0	0.0191	0.0191	0.0192	0.0323	0.0191	0.0191	0.0191	0.0191	0.0191	0.0191	0.0192	0.0191	0.0266	0.0191	0.0191	0.0191	0.0193
  e	0.0193	0.0193	0.0192	0.0194	0.0194	0.0193	0.0193	0.0193	0.0193	0.0206	0.0193	0.0193	0.0193	0.0193	0.0193	0.0192	0.0193	0.0193	0.0193	0.0193	0.0193	0.0201	0.0193	0.0221	0.0193	0.0193	0.0193	0.0193	0.0977	0.0193	0.0237	0.0193	0.0193	0.0193	0.0193	0.0193	0	0.0289	0.0193	0.0257	0.0193	0.0193	0.0415	0.0248	0.0193	0.0193	0.0193	0.0193	0.0194	0.0193	0.0193	0.0193	0.0194
  f	0.0202	0.0202	0.0201	0.0203	0.02	0.0202	0.0202	0.0202	0.0202	0.0202	0.0201	0.0202	0.0202	0.0202	0.0202	0.0201	0.0202	0.0202	0.0202	0.0202	0.0202	0.0202	0.0202	0.0201	0.0202	0.0202	0.0202	0.0202	0.0202	0.0202	0.0201	0.0202	0.0202	0.0202	0.0202	0.0202	0.0302	0	0.0202	0.0201	0.0202	0.0202	0.0202	0.0202	0.0202	0.0202	0.0202	0.0202	0.0202	0.0202	0.0202	0.0202	0.0202
  g	0.0187	0.0187	0.0187	0.0194	0.0189	0.0187	0.0187	0.0187	0.0187	0.0187	0.0187	0.0187	0.0187	0.0187	0.0188	0.0187	0.0188	0.0187	0.0187	0.0187	0.0187	0.0187	0.0187	0.0189	0.0187	0.0188	0.0187	0.0187	0.0187	0.0187	0.0187	0.0187	0.0187	0.0187	0.0187	0.0187	0.0187	0.0187	0	0.0277	0.0187	0.0187	0.0187	0.0187	0.0188	0.0187	0.0187	0.0187	0.0188	0.0187	0.0187	0.0187	0.0323
  h	0.0111	0.0101	0.011	0.0121	0.0274	0.0101	0.0126	0.0105	0.0153	0.0109	0.0131	0.0101	0.0152	0.012	0.0288	0.0101	0.0144	0.0101	0.0101	0.0223	0.0115	0.0666	0.0151	0.0717	0.0101	0.0341	0.0205	0.0101	0.0198	0.0118	0.0167	0.012	0.0101	0.0146	0.0113	0.0171	0.0135	0.0101	0.015	0	0.0119	0.0101	0.0103	0.0152	0.0101	0.0101	0.0151	0.0101	0.0232	0.0101	0.0101	0.0106	0.1136
  i	0.0198	0.0198	0.0197	0.0199	0.0196	0.0198	0.0198	0.0198	0.0198	0.0198	0.0197	0.0198	0.0198	0.0198	0.0198	0.0197	0.0198	0.0198	0.0198	0.0197	0.0198	0.0268	0.0198	0.0197	0.0198	0.0198	0.0198	0.0198	0.02	0.0198	0.0197	0.0198	0.0198	0.0198	0.0198	0.0198	0.0198	0.0198	0.0198	0.0232	0	0.0198	0.0198	0.0198	0.0198	0.0198	0.0198	0.0198	0.0198	0.0198	0.0198	0.0198	0.0198
  j	0.0204	0.0204	0.0203	0.0205	0.0202	0.0204	0.0204	0.0204	0.0204	0.0204	0.0203	0.0204	0.0204	0.0204	0.0204	0.0203	0.0204	0.0204	0.0204	0.0204	0.0204	0.0204	0.0204	0.0204	0.0204	0.0246	0.0204	0.0204	0.0204	0.0204	0.0204	0.0204	0.0204	0.0204	0.0204	0.0204	0.0204	0.0204	0.0205	0.0203	0.0204	0	0.0204	0.0204	0.0204	0.0204	0.0204	0.0204	0.0305	0.0204	0.03	0.0204	0.0204
  k	0.0205	0.0205	0.0205	0.0207	0.0206	0.0205	0.0205	0.0205	0.0205	0.0253	0.0205	0.0205	0.0205	0.0205	0.0205	0.0205	0.0205	0.0205	0.0205	0.0205	0.0205	0.0214	0.0205	0.0205	0.0205	0.0205	0.0205	0.0205	0.0641	0.0205	0.0205	0.0205	0.0205	0.0205	0.0205	0.0205	0.0443	0.0205	0.0206	0.0208	0.0205	0.0205	0	0.0226	0.0205	0.0205	0.0205	0.0205	0.0205	0.0205	0.0205	0.0205	0.0206
  l	0.0192	0.0192	0.0191	0.0193	0.0191	0.0192	0.0192	0.0192	0.0192	0.0196	0.0191	0.0192	0.0192	0.0192	0.0209	0.0191	0.0231	0.0192	0.0192	0.0192	0.0192	0.0195	0.0192	0.0193	0.0192	0.0192	0.0192	0.0192	0.0236	0.0192	0.0198	0.0192	0.0192	0.0192	0.0192	0.0192	0.0247	0.0192	0.0193	0.0288	0.0192	0.0192	0.0211	0	0.0192	0.0192	0.0192	0.0192	0.0192	0.0192	0.0192	0.0192	0.0232
  m	0.0178	0.0178	0.0178	0.0268	0.0264	0.0178	0.0178	0.0179	0.0178	0.0178	0.0178	0.0178	0.0178	0.0178	0.0178	0.0178	0.0178	0.0178	0.0178	0.0178	0.0178	0.0178	0.0178	0.0178	0.0178	0.0178	0.0178	0.0178	0.0268	0.0178	0.0178	0.0178	0.0178	0.0178	0.0178	0.0178	0.0178	0.0178	0.0179	0.0178	0.0178	0.0178	0.0178	0.0178	0	0.0178	0.0178	0.0178	0.0178	0.0178	0.0178	0.0178	0.0361
  n	0.0198	0.0198	0.0198	0.0199	0.0197	0.0198	0.0198	0.0198	0.0198	0.0198	0.0298	0.0198	0.0198	0.0199	0.0199	0.0198	0.0199	0.0198	0.0198	0.0198	0.0198	0.0198	0.0198	0.0198	0.0199	0.0199	0.0198	0.0198	0.0198	0.0199	0.0199	0.0199	0.0198	0.0198	0.0198	0.0199	0.0198	0.0198	0.0199	0.0198	0.0198	0.0198	0.0198	0.0198	0.0198	0	0.0198	0.0198	0.0198	0.0199	0.0198	0.0199	0.0199
  o	0.0194	0.0194	0.0194	0.0195	0.0193	0.0194	0.0194	0.0194	0.0194	0.0194	0.0193	0.0194	0.0194	0.0194	0.0194	0.0193	0.0194	0.0194	0.0194	0.0194	0.0194	0.0194	0.0194	0.0194	0.0194	0.0194	0.0194	0.0194	0.0194	0.0194	0.0194	0.0194	0.0194	0.0194	0.0194	0.0194	0.0194	0.0194	0.0195	0.029	0.0194	0.0194	0.0194	0.0194	0.0194	0.0194	0	0.0194	0.0194	0.0194	0.0194	0.0194	0.0195
  p	0.0199	0.0199	0.0199	0.02	0.0198	0.0199	0.0199	0.0199	0.0199	0.0199	0.0199	0.0199	0.0199	0.02	0.02	0.0199	0.0199	0.0199	0.0199	0.0277	0.0199	0.02	0.0199	0.0199	0.02	0.0199	0.0199	0.0199	0.0266	0.0199	0.0199	0.0199	0.0199	0.0199	0.0199	0.0199	0.0199	0.0199	0.02	0.0199	0.0199	0.0199	0.0199	0.0199	0.0199	0.0199	0.0199	0	0.0199	0.0199	0.0199	0.02	0.02
  q	0.014	0.014	0.0156	0.0141	0.0487	0.014	0.014	0.0257	0.014	0.014	0.014	0.014	0.0431	0.014	0.0146	0.014	0.0308	0.014	0.045	0.0143	0.0142	0.0158	0.0157	0.0275	0.014	0.0217	0.014	0.014	0.0143	0.014	0.0147	0.014	0.014	0.014	0.014	0.0194	0.0141	0.014	0.0141	0.032	0.014	0.0209	0.014	0.014	0.014	0.014	0.014	0.014	0	0.014	0.014	0.0141	0.0474
  r	0.02	0.02	0.02	0.0201	0.0199	0.02	0.02	0.0272	0.02	0.02	0.02	0.02	0.02	0.0201	0.02	0.02	0.02	0.02	0.02	0.02	0.02	0.02	0.02	0.02	0.02	0.02	0.02	0.02	0.02	0.02	0.02	0.02	0.02	0.02	0.02	0.02	0.02	0.02	0.0201	0.02	0.02	0.02	0.02	0.02	0.02	0.02	0.02	0.02	0.02	0	0.02	0.0261	0.0201
  s	0.02	0.02	0.02	0.0201	0.0199	0.02	0.02	0.02	0.02	0.02	0.02	0.02	0.02	0.0201	0.0201	0.02	0.02	0.02	0.02	0.0301	0.02	0.0201	0.02	0.02	0.0201	0.027	0.02	0.02	0.02	0.02	0.02	0.02	0.02	0.02	0.02	0.02	0.02	0.02	0.0201	0.02	0.02	0.0295	0.02	0.02	0.02	0.02	0.02	0.02	0.02	0.02	0	0.0201	0.0201
  t	0.0187	0.0187	0.0379	0.0188	0.0292	0.0187	0.0187	0.0286	0.0187	0.0188	0.0187	0.0187	0.0188	0.0188	0.0188	0.0187	0.0188	0.0188	0.0188	0.0187	0.0188	0.0188	0.0188	0.019	0.0188	0.0188	0.0188	0.0188	0.0188	0.0188	0.0187	0.0188	0.0187	0.0187	0.0187	0.0188	0.0187	0.0187	0.0188	0.0197	0.0187	0.0187	0.0188	0.0187	0.0187	0.0187	0.0187	0.0187	0.0189	0.0244	0.0187	0	0.0188
  u	0.0122	0.0113	0.0123	0.033	0.0491	0.0113	0.0113	0.0149	0.0116	0.0115	0.0114	0.0113	0.0191	0.0114	0.0284	0.0113	0.031	0.0172	0.0113	0.0114	0.012	0.0127	0.0114	0.0512	0.0113	0.0215	0.0114	0.0113	0.0147	0.0123	0.0162	0.0125	0.0113	0.0114	0.0113	0.0114	0.0113	0.0113	0.0195	0.1268	0.0113	0.0113	0.0114	0.0137	0.0229	0.0113	0.0113	0.0113	0.0383	0.0113	0.0113	0.0113	0
