{
  "generated_by": {
    "program": "augur",
    "version": "27.0.0"
  },
  "models": {
    "country": {
      "alphabet": [
        "Australia",
        "Belgium",
        "Brazil",
        "Chad",
        "Chile",
        "China",
        "France",
        "Germany",
        "Guam",
        "Hong Kong",
        "Hungary",
        "India",
        "Italy",
        "Japan",
        "Kuwait",
        "Malaysia",
        "Mexico",
        "Netherlands",
        "New Zealand",
        "Nicaragua",
        "Peru",
        "Philippines",
        "Russia",
        "Singapore",
        "South Africa",
        "South Korea",
        "Taiwan",
        "Thailand",
        "United Kingdom",
        "Usa",
        "Vietnam",
        "?"
      ],
      "equilibrium_probabilities": [
        0.022238100193495636,
        0.03544635513936075,
        0.034694715669942075,
        0.037789919841130344,
        0.036415999937363386,
        0.028984593579562415,
        0.03655412156257573,
        0.03297723190390789,
        0.03472242642306909,
        0.019732616554694413,
        0.03661597414356752,
        0.03652896670615438,
        0.03091779749687093,
        0.03538648745123895,
        0.03499889692869974,
        0.022782919099495154,
        0.03776023567320529,
        0.013960882180954474,
        0.032630645680371814,
        0.03686068885889886,
        0.036153703981514254,
        0.034604889349124514,
        0.0341746591442402,
        0.03438265076922177,
        0.03715597392565927,
        0.034181808144661124,
        0.03731218158962791,
        0.034609044999964006,
        0.03407200902195673,
        0.014162318346511011,
        0.031191185702960453
      ],
      "rate": 100.76625569864899,
      "transition_matrix": [
        [
          0.0,
          0.9751741487338427,
          2.451075155289798,
          1.025063376856192,
          1.2859756522692471,
          1.708653807603986,
          1.4175862721810903,
          0.9959900945389024,
          0.9706661623118482,
          1.8894013753593286,
          1.4715449166002577,
          1.3795041984834084,
          1.3110098291661987,
          0.9845410726347116,
          0.9704621344512158,
          1.1897763647721298,
          1.0040811788462178,
          3.719849185534073,
          0.9716893034604236,
          1.704586301770991,
          1.4328125069652122,
          0.9681146642893308,
          0.9722966059405224,
          2.0203704230467814,
          0.9697255829090262,
          2.254327047681953,
          1.1628251432991263,
          0.9726033750995868,
          0.9719706310644166,
          5.00689274965016,
          0.9873334860971427
        ],
        [
          0.9751741487338427,
          0.0,
          0.9652059673389722,
          0.9652511996919116,
          1.0459433512359568,
          1.0353453153540886,
          0.9650136892517114,
          0.9649236446940774,
          0.9651157957248955,
          0.9657269488793074,
          0.9647473685425465,
          0.9647393747696462,
          0.966319543480847,
          0.9649848439533428,
          0.964833718853588,
          0.9665855239367541,
          0.9649047607448136,
          0.9639828970484338,
          0.9649682527537442,
          0.9650574965812274,
          0.9652733082299269,
          0.9646444698836131,
          0.9653639245186086,
          0.9670836672045247,
          0.9647247197364563,
          0.965693433438582,
          0.965078908669389,
          1.0034117151761912,
          0.9657612465828659,
          1.3440435900679402,
          0.9652332477703238
        ],
        [
          2.451075155289798,
          0.9652059673389722,
          0.0,
          0.9658448160000513,
          0.9695465190249271,
          1.0366561519545614,
          0.9653806950868284,
          0.9688734307577826,
          0.9648011975576148,
          0.9667860557877914,
          0.9650160023893758,
          0.964945496941086,
          0.969029117349736,
          0.9650860531323402,
          0.9647762530742291,
          0.9672448731355944,
          0.9650583179114268,
          0.966846724749261,
          0.9649048582746814,
          1.3093359256109056,
          0.9662318002301277,
          0.9645934790990377,
          0.9650145832551591,
          1.463074524471173,
          0.9646668337509028,
          0.9700663125240316,
          0.9665011967638943,
          0.9652339482846567,
          0.9657470635949811,
          1.5306570800385222,
          0.9652334058752704
        ],
        [
          1.025063376856192,
          0.9652511996919116,
          0.9658448160000513,
          0.0,
          1.022866847730204,
          0.9656587017422482,
          0.9654026245885273,
          0.9648276025743527,
          0.9648632715573429,
          0.9654197193198435,
          0.9651062517298509,
          0.9650801890092187,
          1.4279195937117362,
          0.9650511477866202,
          0.9650252938561287,
          0.966978111162075,
          0.9651051364527321,
          0.9632189230170459,
          0.9649656041737551,
          0.9654362021243885,
          0.9655238649878128,
          0.9648300162726046,
          0.9648552155493564,
          0.9653675463927234,
          0.9649151828033377,
          0.9660329639022986,
          0.9653566927103411,
          0.9653778869975241,
          0.9658177227231309,
          0.9653016171017027,
          0.9654367353215317
        ],
        [
          1.2859756522692471,
          1.0459433512359568,
          0.9695465190249271,
          1.022866847730204,
          0.0,
          1.1544087556436078,
          0.9670406268325294,
          0.9664576759496525,
          0.966660579809392,
          0.968227844057966,
          0.9667017285014843,
          0.9666926145817338,
          1.2897766662053087,
          0.9665159546545463,
          0.9662748594977942,
          0.9687441654249394,
          0.9664718832552646,
          0.9695620506938429,
          0.9664984660775602,
          0.9672569619320281,
          0.9672703170706052,
          0.9660758269368883,
          0.9669892011250387,
          0.969312501946073,
          0.9662247099680419,
          0.9682845835932067,
          0.9668641315345491,
          1.3811096373773064,
          0.9672921327139945,
          1.286412660735179,
          0.9666325136138566
        ],
        [
          1.708653807603986,
          1.0353453153540886,
          1.0366561519545614,
          0.9656587017422482,
          1.1544087556436078,
          0.0,
          0.9656602900701071,
          0.9655658141339861,
          0.9656386054180094,
          1.460275054540555,
          0.9651691838228026,
          1.0054896546315106,
          0.9673057190401976,
          0.9656153266727214,
          0.9650749237403226,
          0.968636042651952,
          0.9652316849718597,
          1.0645321899798141,
          0.9655767092594544,
          0.9888618275098485,
          0.9661618902961506,
          0.9649067713350511,
          1.2371286779014996,
          0.969371683483495,
          0.9649918423333482,
          0.9675354107402515,
          0.9655516165376634,
          1.0616016738073704,
          0.9778351158896265,
          3.608488987307544,
          0.9657056235440478
        ],
        [
          1.4175862721810903,
          0.9650136892517114,
          0.9653806950868284,
          0.9654026245885273,
          0.9670406268325294,
          0.9656602900701071,
          0.0,
          0.9646944255521124,
          0.9646995962345779,
          1.1484829279161777,
          0.9648808376146029,
          0.9648468627252321,
          0.9682010812667586,
          0.9651355014469584,
          0.9649744591001006,
          1.4468552187401431,
          0.9649395803810067,
          0.9908223512891027,
          0.9651319772998107,
          0.9652443014094694,
          0.965460079766539,
          0.964661756647715,
          0.9647060436686502,
          0.965214669919463,
          0.9743247465332452,
          0.9659475698423933,
          0.9652172691356495,
          0.9650652213664113,
          0.96595020614448,
          0.9924866149682985,
          0.9655355174306284
        ],
        [
          0.9959900945389024,
          0.9649236446940774,
          0.9688734307577826,
          0.9648276025743527,
          0.9664576759496525,
          0.9655658141339861,
          0.9646944255521124,
          0.0,
          0.9645585499248096,
          0.965199642101563,
          0.964437346952042,
          0.9644234470496416,
          0.9657799014583078,
          0.9646851299987992,
          0.9645111700108686,
          0.9663202454192884,
          0.9645775342165727,
          0.9633856734514512,
          0.9645419596511087,
          0.9647590704198901,
          0.9649735061359351,
          0.9643365282907497,
          0.9647098694417864,
          0.9648075031109291,
          0.9643962452049438,
          0.9655389545441115,
          0.9647667883584671,
          0.9649779042296468,
          0.9654152602712514,
          1.9652167086902568,
          0.9649315848366652
        ],
        [
          0.9706661623118482,
          0.9651157957248955,
          0.9648011975576148,
          0.9648632715573429,
          0.966660579809392,
          0.9656386054180094,
          0.9646995962345779,
          0.9645585499248096,
          0.0,
          0.964918775886455,
          0.964438264736465,
          0.9644210961114263,
          0.9658257959159539,
          0.9646297314180878,
          0.964532581674916,
          0.9662137425154804,
          0.9645866776227343,
          0.9624287219013916,
          0.9645273650728088,
          0.964720872071192,
          0.9649227595488018,
          0.964349522057998,
          0.9677968028908682,
          0.965393581660701,
          0.964413054667228,
          0.9653445937490309,
          0.9647640231274559,
          0.9650009487790475,
          0.965368218435769,
          1.4633555047014342,
          0.9649458128394381
        ],
        [
          1.8894013753593286,
          0.9657269488793074,
          0.9667860557877914,
          0.9654197193198435,
          0.968227844057966,
          1.460275054540555,
          1.1484829279161777,
          0.965199642101563,
          0.964918775886455,
          0.0,
          0.9650425522650085,
          0.9650831429809165,
          1.2922958078055355,
          1.929487295977973,
          0.9658693691664495,
          2.1144487076124667,
          0.9649475976352391,
          5.228403776847083,
          1.0235057862733197,
          0.9657931392548411,
          0.9660960008102444,
          0.9649647772318688,
          0.9659025300462343,
          0.9673269698183296,
          0.9856378305032856,
          0.9686569075401738,
          0.9653682406155062,
          0.9661428540778713,
          1.1700665524125788,
          4.657056337910083,
          1.145010009940967
        ],
        [
          1.4715449166002577,
          0.9647473685425465,
          0.9650160023893758,
          0.9651062517298509,
          0.9667017285014843,
          0.9651691838228026,
          0.9648808376146029,
          0.964437346952042,
          0.964438264736465,
          0.9650425522650085,
          0.0,
          0.9644953964875584,
          0.9664557037135608,
          0.9646175480487094,
          0.9645779329948967,
          0.9663357549971493,
          0.9648635064857346,
          0.9624197645765434,
          0.9645488366886322,
          0.9743068067188925,
          0.977435105424088,
          0.9643841098402118,
          0.9644431245617167,
          0.9653021303447925,
          0.9644540364719884,
          0.9665849273759933,
          0.964910058297103,
          0.9647830256518877,
          0.9653627481368371,
          0.9788713028422171,
          0.9649983060289126
        ],
        [
          1.3795041984834084,
          0.9647393747696462,
          0.964945496941086,
          0.9650801890092187,
          0.9666926145817338,
          1.0054896546315106,
          0.9648468627252321,
          0.9644234470496416,
          0.9644210961114263,
          0.9650831429809165,
          0.9644953964875584,
          0.0,
          0.9664276253436128,
          0.9645956136707121,
          0.9645550742847694,
          0.9663074526907873,
          0.96463971746233,
          0.962436753682503,
          0.9645333977528826,
          0.964826743177971,
          0.9650939196068449,
          0.9643612843703165,
          0.9644474150878574,
          0.9648032768144611,
          0.9644300666296152,
          0.9654690672735403,
          0.9648817503868126,
          0.9647694644122552,
          0.9653452190205346,
          1.0210432025063818,
          0.9649753810978605
        ],
        [
          1.3110098291661987,
          0.966319543480847,
          0.969029117349736,
          1.4279195937117362,
          1.2897766662053087,
          0.9673057190401976,
          0.9682010812667586,
          0.9657799014583078,
          0.9658257959159539,
          1.2922958078055355,
          0.9664557037135608,
          0.9664276253436128,
          0.0,
          0.9661934925450605,
          0.9664677867538247,
          1.203120586737486,
          0.9661175375791704,
          2.585908416461523,
          0.9665613883006055,
          0.9669254287398981,
          0.9668207993445996,
          0.9667395890452894,
          0.9658436627442339,
          0.96746460249958,
          0.9662481204871349,
          0.9679211505095925,
          0.9665140454799946,
          0.9666858964772409,
          0.9674784873285508,
          1.0776342712655662,
          0.967037805466573
        ],
        [
          0.9845410726347116,
          0.9649848439533428,
          0.9650860531323402,
          0.9650511477866202,
          0.9665159546545463,
          0.9656153266727214,
          0.9651355014469584,
          0.9646851299987992,
          0.9646297314180878,
          1.929487295977973,
          0.9646175480487094,
          0.9645956136707121,
          0.9661934925450605,
          0.0,
          0.9646968702109388,
          0.9678533089662048,
          0.9647542652500825,
          0.9660415133219614,
          0.9648572169366005,
          0.9649200092842428,
          0.9651275939170275,
          0.9645064716446807,
          0.9647103960128893,
          0.9649945420727463,
          0.9646276485307911,
          1.3291724001355656,
          0.9775128735599848,
          0.9650142901710347,
          0.9661921142299374,
          1.3644031457888874,
          0.9654402426625696
        ],
        [
          0.9704621344512158,
          0.964833718853588,
          0.9647762530742291,
          0.9650252938561287,
          0.9662748594977942,
          0.9650749237403226,
          0.9649744591001006,
          0.9645111700108686,
          0.964532581674916,
          0.9658693691664495,
          0.9645779329948967,
          0.9645550742847694,
          0.9664677867538247,
          0.9646968702109388,
          0.0,
          1.0642738747232692,
          0.9647275913702436,
          1.3669096050288287,
          0.9649302552354653,
          0.9648179159397124,
          0.9649862690922868,
          0.9646118093262831,
          0.9645348570731137,
          0.964857036594248,
          0.9646728667963602,
          0.9653066027437244,
          0.964886921779918,
          0.9649826076619364,
          0.965676711363329,
          0.9675036862107679,
          0.9655851939539107
        ],
        [
          1.1897763647721298,
          0.9665855239367541,
          0.9672448731355944,
          0.966978111162075,
          0.9687441654249394,
          0.968636042651952,
          1.4468552187401431,
          0.9663202454192884,
          0.9662137425154804,
          2.1144487076124667,
          0.9663357549971493,
          0.9663074526907873,
          1.203120586737486,
          0.9678533089662048,
          1.0642738747232692,
          0.0,
          0.9663842418807013,
          3.469976973604694,
          1.7368057808169226,
          0.9667816036698335,
          0.9669779507682189,
          0.9664877618582552,
          0.9664127832535139,
          0.9674844287604772,
          1.446691657656583,
          0.9680969038255313,
          0.9666431361942495,
          0.9670014980182422,
          1.1958741279879554,
          2.7987284240562937,
          1.1925619907528666
        ],
        [
          1.0040811788462178,
          0.9649047607448136,
          0.9650583179114268,
          0.9651051364527321,
          0.9664718832552646,
          0.9652316849718597,
          0.9649395803810067,
          0.9645775342165727,
          0.9645866776227343,
          0.9649475976352391,
          0.9648635064857346,
          0.96463971746233,
          0.9661175375791704,
          0.9647542652500825,
          0.9647275913702436,
          0.9663842418807013,
          0.0,
          0.9622197677703715,
          0.9647003209043005,
          0.9653513256839905,
          1.4609170099195,
          0.9645282508699476,
          0.9645929935384682,
          1.00860896285539,
          0.9646052838253346,
          0.9654863301549248,
          0.9649703042107319,
          0.9649385102663248,
          0.9655360049135084,
          0.9761852790684726,
          0.965141605838081
        ],
        [
          3.719849185534073,
          0.9639828970484338,
          0.966846724749261,
          0.9632189230170459,
          0.9695620506938429,
          1.0645321899798141,
          0.9908223512891027,
          0.9633856734514512,
          0.9624287219013916,
          5.228403776847083,
          0.9624197645765434,
          0.962436753682503,
          2.585908416461523,
          0.9660415133219614,
          1.3669096050288287,
          3.469976973604694,
          0.9622197677703715,
          0.0,
          1.5394469633304237,
          0.9641587437149731,
          0.9665370369547746,
          1.448177178674092,
          0.9708037394931217,
          1.342727397102545,
          0.9632457787369069,
          1.0372949460687193,
          0.9628747897658596,
          1.4417647157710778,
          1.123955266748443,
          19.20557259134095,
          2.3245853801815675
        ],
        [
          0.9716893034604236,
          0.9649682527537442,
          0.9649048582746814,
          0.9649656041737551,
          0.9664984660775602,
          0.9655767092594544,
          0.9651319772998107,
          0.9645419596511087,
          0.9645273650728088,
          1.0235057862733197,
          0.9645488366886322,
          0.9645333977528826,
          0.9665613883006055,
          0.9648572169366005,
          0.9649302552354653,
          1.7368057808169226,
          0.9647003209043005,
          1.5394469633304237,
          0.0,
          0.9648507369816367,
          0.96507134186778,
          0.9645518107321527,
          0.964620984248989,
          0.9648995435646669,
          0.9646773050948019,
          0.9655589643491427,
          0.9648718439714833,
          0.9651401114765599,
          0.9676043463900045,
          1.6351526675622787,
          0.987538128734735
        ],
        [
          1.704586301770991,
          0.9650574965812274,
          1.3093359256109056,
          0.9654362021243885,
          0.9672569619320281,
          0.9888618275098485,
          0.9652443014094694,
          0.9647590704198901,
          0.964720872071192,
          0.9657931392548411,
          0.9743068067188925,
          0.964826743177971,
          0.9669254287398981,
          0.9649200092842428,
          0.9648179159397124,
          0.9667816036698335,
          0.9653513256839905,
          0.9641587437149731,
          0.9648507369816367,
          0.0,
          0.984324604876724,
          0.9646229005426008,
          0.9647868226351133,
          0.9707563629150769,
          0.9647046507029439,
          0.9665909664375353,
          0.9652376679489307,
          0.9650803057236118,
          0.9656689560068124,
          1.0263275619589856,
          0.9652404711118929
        ],
        [
          1.4328125069652122,
          0.9652733082299269,
          0.9662318002301277,
          0.9655238649878128,
          0.9672703170706052,
          0.9661618902961506,
          0.965460079766539,
          0.9649735061359351,
          0.9649227595488018,
          0.9660960008102444,
          0.977435105424088,
          0.9650939196068449,
          0.9668207993445996,
          0.9651275939170275,
          0.9649862690922868,
          0.9669779507682189,
          1.4609170099195,
          0.9665370369547746,
          0.96507134186778,
          0.984324604876724,
          0.0,
          0.9647984216533949,
          0.9649877402340471,
          1.478977747851326,
          0.9648820728511187,
          0.9669177226598543,
          0.9654029898869946,
          0.9652886625801101,
          0.9658688813522467,
          1.1382885685405597,
          0.9653985857812298
        ],
        [
          0.9681146642893308,
          0.9646444698836131,
          0.9645934790990377,
          0.9648300162726046,
          0.9660758269368883,
          0.9649067713350511,
          0.964661756647715,
          0.9643365282907497,
          0.964349522057998,
          0.9649647772318688,
          0.9643841098402118,
          0.9643612843703165,
          0.9667395890452894,
          0.9645064716446807,
          0.9646118093262831,
          0.9664877618582552,
          0.9645282508699476,
          1.448177178674092,
          0.9645518107321527,
          0.9646229005426008,
          0.9647984216533949,
          0.0,
          0.9643562887733709,
          0.9645698860350379,
          0.9643724063470284,
          0.9650986113706973,
          0.9646883961580968,
          0.9647041487308482,
          0.9653613599817237,
          0.9656061576444778,
          0.965010558852869
        ],
        [
          0.9722966059405224,
          0.9653639245186086,
          0.9650145832551591,
          0.9648552155493564,
          0.9669892011250387,
          1.2371286779014996,
          0.9647060436686502,
          0.9647098694417864,
          0.9677968028908682,
          0.9659025300462343,
          0.9644431245617167,
          0.9644474150878574,
          0.9658436627442339,
          0.9647103960128893,
          0.9645348570731137,
          0.9664127832535139,
          0.9645929935384682,
          0.9708037394931217,
          0.964620984248989,
          0.9647868226351133,
          0.9649877402340471,
          0.9643562887733709,
          0.0,
          0.9656239450734865,
          0.9644109343879593,
          0.9655111618548688,
          0.9647771761893795,
          0.9652226642070002,
          0.9688172744854262,
          1.7463069746097786,
          0.9649712364077155
        ],
        [
          2.0203704230467814,
          0.9670836672045247,
          1.463074524471173,
          0.9653675463927234,
          0.969312501946073,
          0.969371683483495,
          0.965214669919463,
          0.9648075031109291,
          0.965393581660701,
          0.9673269698183296,
          0.9653021303447925,
          0.9648032768144611,
          0.96746460249958,
          0.9649945420727463,
          0.964857036594248,
          0.9674844287604772,
          1.00860896285539,
          1.342727397102545,
          0.9648995435646669,
          0.9707563629150769,
          1.478977747851326,
          0.9645698860350379,
          0.9656239450734865,
          0.0,
          0.9646003123300437,
          1.0362955375187748,
          0.9653215834041181,
          0.9660187389550328,
          0.9657590877068073,
          1.651647733783477,
          0.9653059761132425
        ],
        [
          0.9697255829090262,
          0.9647247197364563,
          0.9646668337509028,
          0.9649151828033377,
          0.9662247099680419,
          0.9649918423333482,
          0.9743247465332452,
          0.9643962452049438,
          0.964413054667228,
          0.9856378305032856,
          0.9644540364719884,
          0.9644300666296152,
          0.9662481204871349,
          0.9646276485307911,
          0.9646728667963602,
          1.446691657656583,
          0.9646052838253346,
          0.9632457787369069,
          0.9646773050948019,
          0.9647046507029439,
          0.9648820728511187,
          0.9643724063470284,
          0.9644109343879593,
          0.9646003123300437,
          0.0,
          0.965166282015814,
          0.9647748782802058,
          0.964766513444397,
          0.965577339866988,
          0.965272143913544,
          0.9651738259163475
        ],
        [
          2.254327047681953,
          0.965693433438582,
          0.9700663125240316,
          0.9660329639022986,
          0.9682845835932067,
          0.9675354107402515,
          0.9659475698423933,
          0.9655389545441115,
          0.9653445937490309,
          0.9686569075401738,
          0.9665849273759933,
          0.9654690672735403,
          0.9679211505095925,
          1.3291724001355656,
          0.9653066027437244,
          0.9680969038255313,
          0.9654863301549248,
          1.0372949460687193,
          0.9655589643491427,
          0.9665909664375353,
          0.9669177226598543,
          0.9650986113706973,
          0.9655111618548688,
          1.0362955375187748,
          0.965166282015814,
          0.0,
          1.408973382511503,
          0.9656878164930315,
          0.9663402998570338,
          1.478975692760151,
          0.9657457284565412
        ],
        [
          1.1628251432991263,
          0.965078908669389,
          0.9665011967638943,
          0.9653566927103411,
          0.9668641315345491,
          0.9655516165376634,
          0.9652172691356495,
          0.9647667883584671,
          0.9647640231274559,
          0.9653682406155062,
          0.964910058297103,
          0.9648817503868126,
          0.9665140454799946,
          0.9775128735599848,
          0.964886921779918,
          0.9666431361942495,
          0.9649703042107319,
          0.9628747897658596,
          0.9648718439714833,
          0.9652376679489307,
          0.9654029898869946,
          0.9646883961580968,
          0.9647771761893795,
          0.9653215834041181,
          0.9647748782802058,
          1.408973382511503,
          0.0,
          0.965102539117829,
          0.9657043835527243,
          0.9809202032498054,
          0.9652910592132058
        ],
        [
          0.9726033750995868,
          1.0034117151761912,
          0.9652339482846567,
          0.9653778869975241,
          1.3811096373773064,
          1.0616016738073704,
          0.9650652213664113,
          0.9649779042296468,
          0.9650009487790475,
          0.9661428540778713,
          0.9647830256518877,
          0.9647694644122552,
          0.9666858964772409,
          0.9650142901710347,
          0.9649826076619364,
          0.9670014980182422,
          0.9649385102663248,
          1.4417647157710778,
          0.9651401114765599,
          0.9650803057236118,
          0.9652886625801101,
          0.9647041487308482,
          0.9652226642070002,
          0.9660187389550328,
          0.964766513444397,
          0.9656878164930315,
          0.965102539117829,
          0.0,
          0.9659108150793242,
          1.161332441643856,
          0.9653588468121919
        ],
        [
          0.9719706310644166,
          0.9657612465828659,
          0.9657470635949811,
          0.9658177227231309,
          0.9672921327139945,
          0.9778351158896265,
          0.96595020614448,
          0.9654152602712514,
          0.965368218435769,
          1.1700665524125788,
          0.9653627481368371,
          0.9653452190205346,
          0.9674784873285508,
          0.9661921142299374,
          0.965676711363329,
          1.1958741279879554,
          0.9655360049135084,
          1.123955266748443,
          0.9676043463900045,
          0.9656689560068124,
          0.9658688813522467,
          0.9653613599817237,
          0.9688172744854262,
          0.9657590877068073,
          0.965577339866988,
          0.9663402998570338,
          0.9657043835527243,
          0.9659108150793242,
          0.0,
          1.5057935775951834,
          1.0564251265501612
        ],
        [
          5.00689274965016,
          1.3440435900679402,
          1.5306570800385222,
          0.9653016171017027,
          1.286412660735179,
          3.608488987307544,
          0.9924866149682985,
          1.9652167086902568,
          1.4633555047014342,
          4.657056337910083,
          0.9788713028422171,
          1.0210432025063818,
          1.0776342712655662,
          1.3644031457888874,
          0.9675036862107679,
          2.7987284240562937,
          0.9761852790684726,
          19.20557259134095,
          1.6351526675622787,
          1.0263275619589856,
          1.1382885685405597,
          0.9656061576444778,
          1.7463069746097786,
          1.651647733783477,
          0.965272143913544,
          1.478975692760151,
          0.9809202032498054,
          1.161332441643856,
          1.5057935775951834,
          0.0,
          0.9904965805733337
        ],
        [
          0.9873334860971427,
          0.9652332477703238,
          0.9652334058752704,
          0.9654367353215317,
          0.9666325136138566,
          0.9657056235440478,
          0.9655355174306284,
          0.9649315848366652,
          0.9649458128394381,
          1.145010009940967,
          0.9649983060289126,
          0.9649753810978605,
          0.967037805466573,
          0.9654402426625696,
          0.9655851939539107,
          1.1925619907528666,
          0.965141605838081,
          2.3245853801815675,
          0.987538128734735,
          0.9652404711118929,
          0.9653985857812298,
          0.965010558852869,
          0.9649712364077155,
          0.9653059761132425,
          0.9651738259163475,
          0.9657457284565412,
          0.9652910592132058,
          0.9653588468121919,
          1.0564251265501612,
          0.9904965805733337,
          0.0
        ]
      ]
    },
    "region": {
      "alphabet": [
        "Africa",
        "China",
        "Europe",
        "Japan Korea",
        "North America",
        "Oceania",
        "South America",
        "South Asia",
        "Southeast Asia",
        "West Asia",
        "?"
      ],
      "equilibrium_probabilities": [
        0.1133284369473164,
        0.08733454499364186,
        0.07907331025534137,
        0.12390055940840561,
        0.06914718380720003,
        0.09554300229179613,
        0.11906252988334363,
        0.11575986748792604,
        0.0789403029547881,
        0.11791026197024082
      ],
      "rate": 100.3487950059307,
      "transition_matrix": [
        [
          0.0,
          0.4829739705144236,
          0.7626843709151763,
          0.48311349945169496,
          0.4910245746100232,
          0.5076133505154503,
          0.5036577760827152,
          0.48327519689524134,
          0.6499741595641709,
          0.48325781073800994
        ],
        [
          0.4829739705144236,
          0.0,
          4.070663372100245,
          1.2324889486759738,
          4.034715480051894,
          1.39924023949771,
          0.5311914329316173,
          0.5281386670092085,
          0.8678761217569948,
          0.6447761824183073
        ],
        [
          0.7626843709151763,
          4.070663372100245,
          0.0,
          0.5388038384888232,
          13.759351601001784,
          3.3665471134196743,
          0.7545419201622916,
          0.48224303887486175,
          5.535605726459729,
          0.6658748535615969
        ],
        [
          0.48311349945169496,
          1.2324889486759738,
          0.5388038384888232,
          0.0,
          0.867941191409335,
          0.9047162240441153,
          0.4981716304589217,
          0.4830926223674429,
          0.5500251962242608,
          0.4829657427624635
        ],
        [
          0.4910245746100232,
          4.034715480051894,
          13.759351601001784,
          0.867941191409335,
          0.0,
          3.5234752265723404,
          1.6311515926858207,
          0.5254858920724654,
          2.386965204576841,
          0.6976975890841813
        ],
        [
          0.5076133505154503,
          1.39924023949771,
          3.3665471134196743,
          0.9047162240441153,
          3.5234752265723404,
          0.0,
          1.359508266843004,
          0.6289454532684862,
          1.9464624350244968,
          0.5361042782560835
        ],
        [
          0.5036577760827152,
          0.5311914329316173,
          0.7545419201622916,
          0.4981716304589217,
          1.6311515926858207,
          1.359508266843004,
          0.0,
          0.48368152459119673,
          1.0414233797056895,
          0.4839801772519
        ],
        [
          0.48327519689524134,
          0.5281386670092085,
          0.48224303887486175,
          0.4830926223674429,
          0.5254858920724654,
          0.6289454532684862,
          0.48368152459119673,
          0.0,
          0.4835808929390129,
          0.4830488913631986
        ],
        [
          0.6499741595641709,
          0.8678761217569948,
          5.535605726459729,
          0.5500251962242608,
          2.386965204576841,
          1.9464624350244968,
          1.0414233797056895,
          0.4835808929390129,
          0.0,
          0.6185175257590088
        ],
        [
          0.48325781073800994,
          0.6447761824183073,
          0.6658748535615969,
          0.4829657427624635,
          0.6976975890841813,
          0.5361042782560835,
          0.4839801772519,
          0.4830488913631986,
          0.6185175257590088,
          0.0
        ]
      ]
    }
  },
  "nodes": {
    "A/Aichi/2/1968|1968-01-01": {
      "country": "Japan",
      "country_confidence": {
        "Japan": 1.0
      },
      "country_entropy": -1.000088900581841e-12,
      "host": "Human",
      "order": "Human",
      "region": "Japan Korea",
      "region_confidence": {
        "Japan Korea": 1.0
      },
      "region_entropy": -1.000088900581841e-12,
      "subtype": "H3N2"
    },
    "A/Albany/1/1969|1969-01-01": {
      "country": "Usa",
      "country_confidence": {
        "Usa": 1.0
      },
      "country_entropy": -1.000088900581841e-12,
      "host": "Human",
      "order": "Human",
      "region": "North America",
      "region_confidence": {
        "North America": 1.0
      },
      "region_entropy": -1.000088900581841e-12,
      "subtype": "H3N2"
    },
    "A/Albany/1/1970|1970-01-01": {
      "country": "Usa",
      "country_confidence": {
        "Usa": 1.0
      },
      "country_entropy": -1.000088900581841e-12,
      "host": "Human",
      "order": "Human",
      "region": "North America",
      "region_confidence": {
        "North America": 1.0
      },
      "region_entropy": -1.000088900581841e-12,
      "subtype": "H3N2"
    },
    "A/Albany/1/1976|1976-01-01": {
      "country": "Usa",
      "country_confidence": {
        "Usa": 1.0
      },
      "country_entropy": -1.000088900581841e-12,
      "host": "Human",
      "order": "Human",
      "region": "North America",
      "region_confidence": {
        "North America": 1.0
      },
      "region_entropy": -1.000088900581841e-12,
      "subtype": "H3N2"
    },
    "A/Albany/10/1968|1968-01-01": {
      "country": "Usa",
      "country_confidence": {
        "Usa": 0.9999999999999999
      },
      "country_entropy": -9.99866855976916e-13,
      "host": "Human",
      "order": "Human",
      "region": "North America",
      "region_confidence": {
        "North America": 1.0
      },
      "region_entropy": -1.000088900581841e-12,
      "subtype": "H3N2"
    },
    "A/Albany/11/1968|1968-01-01": {
      "country": "Usa",
      "country_confidence": {
        "Usa": 1.0
      },
      "country_entropy": -1.000088900581841e-12,
      "host": "Human",
      "order": "Human",
      "region": "North America",
      "region_confidence": {
        "North America": 1.0
      },
      "region_entropy": -1.000088900581841e-12,
      "subtype": "H3N2"
    },
    "A/Albany/14/1978|1978-01-01": {
      "country": "Usa",
      "country_confidence": {
        "Usa": 1.0
      },
      "country_entropy": -1.000088900581841e-12,
      "host": "Human",
      "order": "Human",
      "region": "North America",
      "region_confidence": {
        "North America": 1.0
      },
      "region_entropy": -1.000088900581841e-12,
      "subtype": "H3N2"
    },
    "A/Albany/15/1976|1976-01-01": {
      "country": "Usa",
      "country_confidence": {
        "Usa": 1.0
      },
      "country_entropy": -1.000088900581841e-12,
      "host": "Human",
      "order": "Human",
      "region": "North America",
      "region_confidence": {
        "North America": 1.0
      },
      "region_entropy": -1.000088900581841e-12,
      "subtype": "H3N2"
    },
    "A/Albany/17/1968|1968-01-01": {
      "country": "Usa",
      "country_confidence": {
        "Usa": 0.9999999999999999
      },
      "country_entropy": -9.99866855976916e-13,
      "host": "Human",
      "order": "Human",
      "region": "North America",
      "region_confidence": {
        "North America": 1.0
      },
      "region_entropy": -1.000088900581841e-12,
      "subtype": "H3N2"
    },
    "A/Albany/19/1968|1968-01-01": {
      "country": "Usa",
      "country_confidence": {
        "Usa": 0.9999999999999999
      },
      "country_entropy": -9.99866855976916e-13,
      "host": "Human",
      "order": "Human",
      "region": "North America",
      "region_confidence": {
        "North America": 1.0
      },
      "region_entropy": -1.000088900581841e-12,
      "subtype": "H3N2"
    },
    "A/Albany/20/1974|1974-01-01": {
      "country": "Usa",
      "country_confidence": {
        "Usa": 1.0
      },
      "country_entropy": -1.000088900581841e-12,
      "host": "Human",
      "order": "Human",
      "region": "North America",
      "region_confidence": {
        "North America": 1.0
      },
      "region_entropy": -1.000088900581841e-12,
      "subtype": "H3N2"
    },
    "A/Albany/3/1969|1969-01-01": {
      "country": "Usa",
      "country_confidence": {
        "Usa": 1.0
      },
      "country_entropy": -1.000088900581841e-12,
      "host": "Human",
      "order": "Human",
      "region": "North America",
      "region_confidence": {
        "North America": 1.0
      },
      "region_entropy": -1.000088900581841e-12,
      "subtype": "H3N2"
    },
    "A/Albany/3/1970|1970-01-01": {
      "country": "Usa",
      "country_confidence": {
        "Usa": 1.0
      },
      "country_entropy": -1.000088900581841e-12,
      "host": "Human",
      "order": "Human",
      "region": "North America",
      "region_confidence": {
        "North America": 1.0
      },
      "region_entropy": -1.000088900581841e-12,
      "subtype": "H3N2"
    },
    "A/Albany/4/1969|1969-01-01": {
      "country": "Usa",
      "country_confidence": {
        "Usa": 1.0
      },
      "country_entropy": -1.000088900581841e-12,
      "host": "Human",
      "order": "Human",
      "region": "North America",
      "region_confidence": {
        "North America": 1.0
      },
      "region_entropy": -1.000088900581841e-12,
      "subtype": "H3N2"
    },
    "A/Albany/4/1977|1977-01-01": {
      "country": "Usa",
      "country_confidence": {
        "Usa": 0.9999999999999999
