Map from character to field name
A:	Australia
B:	Belgium
C:	Brazil
D:	Chad
E:	Chile
F:	China
G:	France
H:	Germany
I:	Guam
J:	Hong Kong
K:	Hungary
L:	India
M:	Italy
N:	Japan
O:	Kuwait
P:	Malaysia
Q:	Mexico
R:	Netherlands
S:	New Zealand
T:	Nicaragua
U:	Peru
V:	Philippines
W:	Russia
X:	Singapore
Y:	South Africa
Z:	South Korea
[:	Taiwan
\:	Thailand
]:	United Kingdom
^:	Usa
_:	Vietnam
`:	?


Substitution rate (mu): 100.766256

Equilibrium frequencies (pi_i):
  A: 0.0222
  B: 0.0354
  C: 0.0347
  D: 0.0378
  E: 0.0364
  F: 0.029
  G: 0.0366
  H: 0.033
  I: 0.0347
  J: 0.0197
  K: 0.0366
  L: 0.0365
  M: 0.0309
  N: 0.0354
  O: 0.035
  P: 0.0228
  Q: 0.0378
  R: 0.014
  S: 0.0326
  T: 0.0369
  U: 0.0362
  V: 0.0346
  W: 0.0342
  X: 0.0344
  Y: 0.0372
  Z: 0.0342
  [: 0.0373
  \: 0.0346
  ]: 0.0341
  ^: 0.0142
  _: 0.0312

Symmetrized rates from j->i (W_ij):
	A	B	C	D	E	F	G	H	I	J	K	L	M	N	O	P	Q	R	S	T	U	V	W	X	Y	Z	[	\	]	^	_
  A	0	0.9752	2.4511	1.0251	1.286	1.7087	1.4176	0.996	0.9707	1.8894	1.4715	1.3795	1.311	0.9845	0.9705	1.1898	1.0041	3.7198	0.9717	1.7046	1.4328	0.9681	0.9723	2.0204	0.9697	2.2543	1.1628	0.9726	0.972	5.0069	0.9873
  B	0.9752	0	0.9652	0.9653	1.0459	1.0353	0.965	0.9649	0.9651	0.9657	0.9647	0.9647	0.9663	0.965	0.9648	0.9666	0.9649	0.964	0.965	0.9651	0.9653	0.9646	0.9654	0.9671	0.9647	0.9657	0.9651	1.0034	0.9658	1.344	0.9652
  C	2.4511	0.9652	0	0.9658	0.9695	1.0367	0.9654	0.9689	0.9648	0.9668	0.965	0.9649	0.969	0.9651	0.9648	0.9672	0.9651	0.9668	0.9649	1.3093	0.9662	0.9646	0.965	1.4631	0.9647	0.9701	0.9665	0.9652	0.9657	1.5307	0.9652
  D	1.0251	0.9653	0.9658	0	1.0229	0.9657	0.9654	0.9648	0.9649	0.9654	0.9651	0.9651	1.4279	0.9651	0.965	0.967	0.9651	0.9632	0.965	0.9654	0.9655	0.9648	0.9649	0.9654	0.9649	0.966	0.9654	0.9654	0.9658	0.9653	0.9654
  E	1.286	1.0459	0.9695	1.0229	0	1.1544	0.967	0.9665	0.9667	0.9682	0.9667	0.9667	1.2898	0.9665	0.9663	0.9687	0.9665	0.9696	0.9665	0.9673	0.9673	0.9661	0.967	0.9693	0.9662	0.9683	0.9669	1.3811	0.9673	1.2864	0.9666
  F	1.7087	1.0353	1.0367	0.9657	1.1544	0	0.9657	0.9656	0.9656	1.4603	0.9652	1.0055	0.9673	0.9656	0.9651	0.9686	0.9652	1.0645	0.9656	0.9889	0.9662	0.9649	1.2371	0.9694	0.965	0.9675	0.9656	1.0616	0.9778	3.6085	0.9657
  G	1.4176	0.965	0.9654	0.9654	0.967	0.9657	0	0.9647	0.9647	1.1485	0.9649	0.9648	0.9682	0.9651	0.965	1.4469	0.9649	0.9908	0.9651	0.9652	0.9655	0.9647	0.9647	0.9652	0.9743	0.9659	0.9652	0.9651	0.966	0.9925	0.9655
  H	0.996	0.9649	0.9689	0.9648	0.9665	0.9656	0.9647	0	0.9646	0.9652	0.9644	0.9644	0.9658	0.9647	0.9645	0.9663	0.9646	0.9634	0.9645	0.9648	0.965	0.9643	0.9647	0.9648	0.9644	0.9655	0.9648	0.965	0.9654	1.9652	0.9649
  I	0.9707	0.9651	0.9648	0.9649	0.9667	0.9656	0.9647	0.9646	0	0.9649	0.9644	0.9644	0.9658	0.9646	0.9645	0.9662	0.9646	0.9624	0.9645	0.9647	0.9649	0.9643	0.9678	0.9654	0.9644	0.9653	0.9648	0.965	0.9654	1.4634	0.9649
  J	1.8894	0.9657	0.9668	0.9654	0.9682	1.4603	1.1485	0.9652	0.9649	0	0.965	0.9651	1.2923	1.9295	0.9659	2.1144	0.9649	5.2284	1.0235	0.9658	0.9661	0.965	0.9659	0.9673	0.9856	0.9687	0.9654	0.9661	1.1701	4.6571	1.145
  K	1.4715	0.9647	0.965	0.9651	0.9667	0.9652	0.9649	0.9644	0.9644	0.965	0	0.9645	0.9665	0.9646	0.9646	0.9663	0.9649	0.9624	0.9645	0.9743	0.9774	0.9644	0.9644	0.9653	0.9645	0.9666	0.9649	0.9648	0.9654	0.9789	0.965
  L	1.3795	0.9647	0.9649	0.9651	0.9667	1.0055	0.9648	0.9644	0.9644	0.9651	0.9645	0	0.9664	0.9646	0.9646	0.9663	0.9646	0.9624	0.9645	0.9648	0.9651	0.9644	0.9644	0.9648	0.9644	0.9655	0.9649	0.9648	0.9653	1.021	0.965
  M	1.311	0.9663	0.969	1.4279	1.2898	0.9673	0.9682	0.9658	0.9658	1.2923	0.9665	0.9664	0	0.9662	0.9665	1.2031	0.9661	2.5859	0.9666	0.9669	0.9668	0.9667	0.9658	0.9675	0.9662	0.9679	0.9665	0.9667	0.9675	1.0776	0.967
  N	0.9845	0.965	0.9651	0.9651	0.9665	0.9656	0.9651	0.9647	0.9646	1.9295	0.9646	0.9646	0.9662	0	0.9647	0.9679	0.9648	0.966	0.9649	0.9649	0.9651	0.9645	0.9647	0.965	0.9646	1.3292	0.9775	0.965	0.9662	1.3644	0.9654
  O	0.9705	0.9648	0.9648	0.965	0.9663	0.9651	0.965	0.9645	0.9645	0.9659	0.9646	0.9646	0.9665	0.9647	0	1.0643	0.9647	1.3669	0.9649	0.9648	0.965	0.9646	0.9645	0.9649	0.9647	0.9653	0.9649	0.965	0.9657	0.9675	0.9656
  P	1.1898	0.9666	0.9672	0.967	0.9687	0.9686	1.4469	0.9663	0.9662	2.1144	0.9663	0.9663	1.2031	0.9679	1.0643	0	0.9664	3.47	1.7368	0.9668	0.967	0.9665	0.9664	0.9675	1.4467	0.9681	0.9666	0.967	1.1959	2.7987	1.1926
  Q	1.0041	0.9649	0.9651	0.9651	0.9665	0.9652	0.9649	0.9646	0.9646	0.9649	0.9649	0.9646	0.9661	0.9648	0.9647	0.9664	0	0.9622	0.9647	0.9654	1.4609	0.9645	0.9646	1.0086	0.9646	0.9655	0.965	0.9649	0.9655	0.9762	0.9651
  R	3.7198	0.964	0.9668	0.9632	0.9696	1.0645	0.9908	0.9634	0.9624	5.2284	0.9624	0.9624	2.5859	0.966	1.3669	3.47	0.9622	0	1.5394	0.9642	0.9665	1.4482	0.9708	1.3427	0.9632	1.0373	0.9629	1.4418	1.124	19.2056	2.3246
  S	0.9717	0.965	0.9649	0.965	0.9665	0.9656	0.9651	0.9645	0.9645	1.0235	0.9645	0.9645	0.9666	0.9649	0.9649	1.7368	0.9647	1.5394	0	0.9649	0.9651	0.9646	0.9646	0.9649	0.9647	0.9656	0.9649	0.9651	0.9676	1.6352	0.9875
  T	1.7046	0.9651	1.3093	0.9654	0.9673	0.9889	0.9652	0.9648	0.9647	0.9658	0.9743	0.9648	0.9669	0.9649	0.9648	0.9668	0.9654	0.9642	0.9649	0	0.9843	0.9646	0.9648	0.9708	0.9647	0.9666	0.9652	0.9651	0.9657	1.0263	0.9652
  U	1.4328	0.9653	0.9662	0.9655	0.9673	0.9662	0.9655	0.965	0.9649	0.9661	0.9774	0.9651	0.9668	0.9651	0.965	0.967	1.4609	0.9665	0.9651	0.9843	0	0.9648	0.965	1.479	0.9649	0.9669	0.9654	0.9653	0.9659	1.1383	0.9654
  V	0.9681	0.9646	0.9646	0.9648	0.9661	0.9649	0.9647	0.9643	0.9643	0.965	0.9644	0.9644	0.9667	0.9645	0.9646	0.9665	0.9645	1.4482	0.9646	0.9646	0.9648	0	0.9644	0.9646	0.9644	0.9651	0.9647	0.9647	0.9654	0.9656	0.965
  W	0.9723	0.9654	0.965	0.9649	0.967	1.2371	0.9647	0.9647	0.9678	0.9659	0.9644	0.9644	0.9658	0.9647	0.9645	0.9664	0.9646	0.9708	0.9646	0.9648	0.965	0.9644	0	0.9656	0.9644	0.9655	0.9648	0.9652	0.9688	1.7463	0.965
  X	2.0204	0.9671	1.4631	0.9654	0.9693	0.9694	0.9652	0.9648	0.9654	0.9673	0.9653	0.9648	0.9675	0.965	0.9649	0.9675	1.0086	1.3427	0.9649	0.9708	1.479	0.9646	0.9656	0	0.9646	1.0363	0.9653	0.966	0.9658	1.6516	0.9653
  Y	0.9697	0.9647	0.9647	0.9649	0.9662	0.965	0.9743	0.9644	0.9644	0.9856	0.9645	0.9644	0.9662	0.9646	0.9647	1.4467	0.9646	0.9632	0.9647	0.9647	0.9649	0.9644	0.9644	0.9646	0	0.9652	0.9648	0.9648	0.9656	0.9653	0.9652
  Z	2.2543	0.9657	0.9701	0.966	0.9683	0.9675	0.9659	0.9655	0.9653	0.9687	0.9666	0.9655	0.9679	1.3292	0.9653	0.9681	0.9655	1.0373	0.9656	0.9666	0.9669	0.9651	0.9655	1.0363	0.9652	0	1.409	0.9657	0.9663	1.479	0.9657
  [	1.1628	0.9651	0.9665	0.9654	0.9669	0.9656	0.9652	0.9648	0.9648	0.9654	0.9649	0.9649	0.9665	0.9775	0.9649	0.9666	0.965	0.9629	0.9649	0.9652	0.9654	0.9647	0.9648	0.9653	0.9648	1.409	0	0.9651	0.9657	0.9809	0.9653
  \	0.9726	1.0034	0.9652	0.9654	1.3811	1.0616	0.9651	0.965	0.965	0.9661	0.9648	0.9648	0.9667	0.965	0.965	0.967	0.9649	1.4418	0.9651	0.9651	0.9653	0.9647	0.9652	0.966	0.9648	0.9657	0.9651	0	0.9659	1.1613	0.9654
  ]	0.972	0.9658	0.9657	0.9658	0.9673	0.9778	0.966	0.9654	0.9654	1.1701	0.9654	0.9653	0.9675	0.9662	0.9657	1.1959	0.9655	1.124	0.9676	0.9657	0.9659	0.9654	0.9688	0.9658	0.9656	0.9663	0.9657	0.9659	0	1.5058	1.0564
  ^	5.0069	1.344	1.5307	0.9653	1.2864	3.6085	0.9925	1.9652	1.4634	4.6571	0.9789	1.021	1.0776	1.3644	0.9675	2.7987	0.9762	19.2056	1.6352	1.0263	1.1383	0.9656	1.7463	1.6516	0.9653	1.479	0.9809	1.1613	1.5058	0	0.9905
  _	0.9873	0.9652	0.9652	0.9654	0.9666	0.9657	0.9655	0.9649	0.9649	1.145	0.965	0.965	0.967	0.9654	0.9656	1.1926	0.9651	2.3246	0.9875	0.9652	0.9654	0.965	0.965	0.9653	0.9652	0.9657	0.9653	0.9654	1.0564	0.9905	0

Actual rates from j->i (Q_ij):
	A	B	C	D	E	F	G	H	I	J	K	L	M	N	O	P	Q	R	S	T	U	V	W	X	Y	Z	[	\	]	^	_
  A	0	0.0217	0.0545	0.0228	0.0286	0.038	0.0315	0.0221	0.0216	0.042	0.0327	0.0307	0.0292	0.0219	0.0216	0.0265	0.0223	0.0827	0.0216	0.0379	0.0319	0.0215	0.0216	0.0449	0.0216	0.0501	0.0259	0.0216	0.0216	0.1113	0.022
  B	0.0346	0	0.0342	0.0342	0.0371	0.0367	0.0342	0.0342	0.0342	0.0342	0.0342	0.0342	0.0343	0.0342	0.0342	0.0343	0.0342	0.0342	0.0342	0.0342	0.0342	0.0342	0.0342	0.0343	0.0342	0.0342	0.0342	0.0356	0.0342	0.0476	0.0342
  C	0.085	0.0335	0	0.0335	0.0336	0.036	0.0335	0.0336	0.0335	0.0335	0.0335	0.0335	0.0336	0.0335	0.0335	0.0336	0.0335	0.0335	0.0335	0.0454	0.0335	0.0335	0.0335	0.0508	0.0335	0.0337	0.0335	0.0335	0.0335	0.0531	0.0335
  D	0.0387	0.0365	0.0365	0	0.0387	0.0365	0.0365	0.0365	0.0365	0.0365	0.0365	0.0365	0.054	0.0365	0.0365	0.0365	0.0365	0.0364	0.0365	0.0365	0.0365	0.0365	0.0365	0.0365	0.0365	0.0365	0.0365	0.0365	0.0365	0.0365	0.0365
  E	0.0468	0.0381	0.0353	0.0372	0	0.042	0.0352	0.0352	0.0352	0.0353	0.0352	0.0352	0.047	0.0352	0.0352	0.0353	0.0352	0.0353	0.0352	0.0352	0.0352	0.0352	0.0352	0.0353	0.0352	0.0353	0.0352	0.0503	0.0352	0.0468	0.0352
  F	0.0495	0.03	0.03	0.028	0.0335	0	0.028	0.028	0.028	0.0423	0.028	0.0291	0.028	0.028	0.028	0.0281	0.028	0.0309	0.028	0.0287	0.028	0.028	0.0359	0.0281	0.028	0.028	0.028	0.0308	0.0283	0.1046	0.028
  G	0.0518	0.0353	0.0353	0.0353	0.0353	0.0353	0	0.0353	0.0353	0.042	0.0353	0.0353	0.0354	0.0353	0.0353	0.0529	0.0353	0.0362	0.0353	0.0353	0.0353	0.0353	0.0353	0.0353	0.0356	0.0353	0.0353	0.0353	0.0353	0.0363	0.0353
  H	0.0328	0.0318	0.032	0.0318	0.0319	0.0318	0.0318	0	0.0318	0.0318	0.0318	0.0318	0.0318	0.0318	0.0318	0.0319	0.0318	0.0318	0.0318	0.0318	0.0318	0.0318	0.0318	0.0318	0.0318	0.0318	0.0318	0.0318	0.0318	0.0648	0.0318
  I	0.0337	0.0335	0.0335	0.0335	0.0336	0.0335	0.0335	0.0335	0	0.0335	0.0335	0.0335	0.0335	0.0335	0.0335	0.0335	0.0335	0.0334	0.0335	0.0335	0.0335	0.0335	0.0336	0.0335	0.0335	0.0335	0.0335	0.0335	0.0335	0.0508	0.0335
  J	0.0373	0.0191	0.0191	0.0191	0.0191	0.0288	0.0227	0.019	0.019	0	0.019	0.019	0.0255	0.0381	0.0191	0.0417	0.019	0.1032	0.0202	0.0191	0.0191	0.019	0.0191	0.0191	0.0194	0.0191	0.019	0.0191	0.0231	0.0919	0.0226
  K	0.0539	0.0353	0.0353	0.0353	0.0354	0.0353	0.0353	0.0353	0.0353	0.0353	0	0.0353	0.0354	0.0353	0.0353	0.0354	0.0353	0.0352	0.0353	0.0357	0.0358	0.0353	0.0353	0.0353	0.0353	0.0354	0.0353	0.0353	0.0353	0.0358	0.0353
  L	0.0504	0.0352	0.0352	0.0353	0.0353	0.0367	0.0352	0.0352	0.0352	0.0353	0.0352	0	0.0353	0.0352	0.0352	0.0353	0.0352	0.0352	0.0352	0.0352	0.0353	0.0352	0.0352	0.0352	0.0352	0.0353	0.0352	0.0352	0.0353	0.0373	0.0352
  M	0.0405	0.0299	0.03	0.0441	0.0399	0.0299	0.0299	0.0299	0.0299	0.04	0.0299	0.0299	0	0.0299	0.0299	0.0372	0.0299	0.08	0.0299	0.0299	0.0299	0.0299	0.0299	0.0299	0.0299	0.0299	0.0299	0.0299	0.0299	0.0333	0.0299
  N	0.0348	0.0341	0.0342	0.0341	0.0342	0.0342	0.0342	0.0341	0.0341	0.0683	0.0341	0.0341	0.0342	0	0.0341	0.0342	0.0341	0.0342	0.0341	0.0341	0.0342	0.0341	0.0341	0.0341	0.0341	0.047	0.0346	0.0341	0.0342	0.0483	0.0342
  O	0.034	0.0338	0.0338	0.0338	0.0338	0.0338	0.0338	0.0338	0.0338	0.0338	0.0338	0.0338	0.0338	0.0338	0	0.0372	0.0338	0.0478	0.0338	0.0338	0.0338	0.0338	0.0338	0.0338	0.0338	0.0338	0.0338	0.0338	0.0338	0.0339	0.0338
  P	0.0271	0.022	0.022	0.022	0.0221	0.0221	0.033	0.022	0.022	0.0482	0.022	0.022	0.0274	0.0221	0.0242	0	0.022	0.0791	0.0396	0.022	0.022	0.022	0.022	0.022	0.033	0.0221	0.022	0.022	0.0272	0.0638	0.0272
  Q	0.0379	0.0364	0.0364	0.0364	0.0365	0.0364	0.0364	0.0364	0.0364	0.0364	0.0364	0.0364	0.0365	0.0364	0.0364	0.0365	0	0.0363	0.0364	0.0365	0.0552	0.0364	0.0364	0.0381	0.0364	0.0365	0.0364	0.0364	0.0365	0.0369	0.0364
  R	0.0519	0.0135	0.0135	0.0134	0.0135	0.0149	0.0138	0.0134	0.0134	0.073	0.0134	0.0134	0.0361	0.0135	0.0191	0.0484	0.0134	0	0.0215	0.0135	0.0135	0.0202	0.0136	0.0187	0.0134	0.0145	0.0134	0.0201	0.0157	0.2681	0.0325
  S	0.0317	0.0315	0.0315	0.0315	0.0315	0.0315	0.0315	0.0315	0.0315	0.0334	0.0315	0.0315	0.0315	0.0315	0.0315	0.0567	0.0315	0.0502	0	0.0315	0.0315	0.0315	0.0315	0.0315	0.0315	0.0315	0.0315	0.0315	0.0316	0.0534	0.0322
  T	0.0628	0.0356	0.0483	0.0356	0.0357	0.0365	0.0356	0.0356	0.0356	0.0356	0.0359	0.0356	0.0356	0.0356	0.0356	0.0356	0.0356	0.0355	0.0356	0	0.0363	0.0356	0.0356	0.0358	0.0356	0.0356	0.0356	0.0356	0.0356	0.0378	0.0356
  U	0.0518	0.0349	0.0349	0.0349	0.035	0.0349	0.0349	0.0349	0.0349	0.0349	0.0353	0.0349	0.035	0.0349	0.0349	0.035	0.0528	0.0349	0.0349	0.0356	0	0.0349	0.0349	0.0535	0.0349	0.035	0.0349	0.0349	0.0349	0.0412	0.0349
  V	0.0335	0.0334	0.0334	0.0334	0.0334	0.0334	0.0334	0.0334	0.0334	0.0334	0.0334	0.0334	0.0335	0.0334	0.0334	0.0334	0.0334	0.0501	0.0334	0.0334	0.0334	0	0.0334	0.0334	0.0334	0.0334	0.0334	0.0334	0.0334	0.0334	0.0334
  W	0.0332	0.033	0.033	0.033	0.033	0.0423	0.033	0.033	0.0331	0.033	0.033	0.033	0.033	0.033	0.033	0.033	0.033	0.0332	0.033	0.033	0.033	0.033	0	0.033	0.033	0.033	0.033	0.033	0.0331	0.0597	0.033
  X	0.0695	0.0333	0.0503	0.0332	0.0333	0.0333	0.0332	0.0332	0.0332	0.0333	0.0332	0.0332	0.0333	0.0332	0.0332	0.0333	0.0347	0.0462	0.0332	0.0334	0.0509	0.0332	0.0332	0	0.0332	0.0356	0.0332	0.0332	0.0332	0.0568	0.0332
  Y	0.036	0.0358	0.0358	0.0359	0.0359	0.0359	0.0362	0.0358	0.0358	0.0366	0.0358	0.0358	0.0359	0.0358	0.0358	0.0538	0.0358	0.0358	0.0358	0.0358	0.0359	0.0358	0.0358	0.0358	0	0.0359	0.0358	0.0358	0.0359	0.0359	0.0359
  Z	0.0771	0.033	0.0332	0.033	0.0331	0.0331	0.033	0.033	0.033	0.0331	0.033	0.033	0.0331	0.0454	0.033	0.0331	0.033	0.0355	0.033	0.033	0.0331	0.033	0.033	0.0354	0.033	0	0.0482	0.033	0.033	0.0506	0.033
  [	0.0434	0.036	0.0361	0.036	0.0361	0.036	0.036	0.036	0.036	0.036	0.036	0.036	0.0361	0.0365	0.036	0.0361	0.036	0.0359	0.036	0.036	0.036	0.036	0.036	0.036	0.036	0.0526	0	0.036	0.036	0.0366	0.036
  \	0.0337	0.0347	0.0334	0.0334	0.0478	0.0367	0.0334	0.0334	0.0334	0.0334	0.0334	0.0334	0.0335	0.0334	0.0334	0.0335	0.0334	0.0499	0.0334	0.0334	0.0334	0.0334	0.0334	0.0334	0.0334	0.0334	0.0334	0	0.0334	0.0402	0.0334
  ]	0.0331	0.0329	0.0329	0.0329	0.033	0.0333	0.0329	0.0329	0.0329	0.0399	0.0329	0.0329	0.033	0.0329	0.0329	0.0407	0.0329	0.0383	0.033	0.0329	0.0329	0.0329	0.033	0.0329	0.0329	0.0329	0.0329	0.0329	0	0.0513	0.036
  ^	0.0709	0.019	0.0217	0.0137	0.0182	0.0511	0.0141	0.0278	0.0207	0.066	0.0139	0.0145	0.0153	0.0193	0.0137	0.0396	0.0138	0.272	0.0232	0.0145	0.0161	0.0137	0.0247	0.0234	0.0137	0.0209	0.0139	0.0164	0.0213	0	0.014
  _	0.0308	0.0301	0.0301	0.0301	0.0302	0.0301	0.0301	0.0301	0.0301	0.0357	0.0301	0.0301	0.0302	0.0301	0.0301	0.0372	0.0301	0.0725	0.0308	0.0301	0.0301	0.0301	0.0301	0.0301	0.0301	0.0301	0.0301	0.0301	0.033	0.0309	0
