Map from character to field name
A:	Algeria
B:	Argentina
C:	Australia
D:	Austria
E:	Bangladesh
F:	Belgium
G:	Brazil
H:	Cambodia
I:	Canada
J:	Chad
K:	Chile
L:	China
M:	Czech Republic
N:	Denmark
O:	Egypt
P:	France
Q:	Georgia
R:	Germany
S:	Guam
T:	Guatemala
U:	Hong Kong
V:	Hungary
W:	Iceland
X:	India
Y:	Indonesia
Z:	Iran
[:	Ireland
\:	Italy
]:	Japan
^:	Kazakhstan
_:	Kuwait
`:	Laos
a:	Luxembourg
b:	Malaysia
c:	Mexico
d:	Mongolia
e:	Netherlands
f:	New Zealand
g:	Nicaragua
h:	Nigeria
i:	Norway
j:	Pakistan
k:	Peru
l:	Philippines
m:	Poland
n:	Romania
o:	Russia
p:	Saudi Arabia
q:	Singapore
r:	South Africa
s:	South Korea
t:	Spain
u:	Sri Lanka
v:	Sweden
w:	Switzerland
x:	Taiwan
y:	Thailand
z:	Turkey
{:	Ukraine
|:	United Arab Emirates
}:	United Kingdom
~:	Uruguay
:	Usa
:	Vietnam
:	Zambia
:	?


Substitution rate (mu): 16.346225

Equilibrium frequencies (pi_i):
  A: 0.0183
  B: 0.0156
  C: 0.0091
  D: 0.0187
  E: 0.0203
  F: 0.0179
  G: 0.0077
  H: 0.0181
  I: 0.0021
  J: 0.0193
  K: 0.0118
  L: 0.0055
  M: 0.019
  N: 0.0171
  O: 0.0194
  P: 0.0137
  Q: 0.0189
  R: 0.0125
  S: 0.0171
  T: 0.0079
  U: 0.0073
  V: 0.0194
  W: 0.0188
  X: 0.0184
  Y: 0.0187
  Z: 0.0192
  [: 0.0194
  \: 0.0167
  ]: 0.0075
  ^: 0.017
  _: 0.0191
  `: 0.0193
  a: 0.0192
  b: 0.0152
  c: 0.01
  d: 0.0112
  e: 0.0049
  f: 0.0166
  g: 0.0189
  h: 0.0193
  i: 0.0194
  j: 0.0181
  k: 0.0152
  l: 0.019
  m: 0.0193
  n: 0.0194
  o: 0.0106
  p: 0.0161
  q: 0.0144
  r: 0.0144
  s: 0.007
  t: 0.019
  u: 0.0191
  v: 0.0137
  w: 0.0176
  x: 0.0143
  y: 0.0164
  z: 0.0193
  {: 0.0181
  |: 0.0193
  }: 0.0095
  ~: 0.0176
  : 0.0053
  : 0.0124
  : 0.0193

Symmetrized rates from j->i (W_ij):
	A	B	C	D	E	F	G	H	I	J	K	L	M	N	O	P	Q	R	S	T	U	V	W	X	Y	Z	[	\	]	^	_	`	a	b	c	d	e	f	g	h	i	j	k	l	m	n	o	p	q	r	s	t	u	v	w	x	y	z	{	|	}	~			
  A	0	0.9693	0.9664	0.9694	0.9685	0.9679	0.9668	0.9692	0.9364	0.9694	0.969	0.9425	0.9694	0.9693	0.9694	0.9688	0.9694	0.9592	0.9695	0.9689	0.9616	0.9692	0.9694	0.9693	0.9665	0.9693	0.9694	0.9645	1.2536	0.9693	0.9694	0.9695	0.9694	0.9694	0.9645	0.9638	0.9587	0.9696	0.9694	0.9694	0.9695	0.9693	0.9694	0.9694	0.9693	0.9694	0.9648	0.9694	0.9695	0.9696	0.9619	0.9656	0.9694	0.9695	0.9699	0.9689	0.9619	0.9694	0.9695	0.9694	0.9669	0.9697	1.0925	0.9593	0.9689
  B	0.9693	0	0.9661	0.969	0.9683	0.9678	0.9666	0.9689	0.9396	0.9691	1.1057	0.944	0.9691	0.969	0.969	0.9685	0.969	0.9603	0.9691	0.9684	0.9618	0.9689	0.969	0.9689	0.9666	0.9689	0.969	0.9648	0.9655	0.969	0.969	0.969	0.969	0.969	0.9648	0.9642	0.9593	0.9692	0.969	0.969	0.9691	0.969	0.969	0.969	0.969	0.969	0.9641	0.969	0.9691	0.9691	0.9618	0.9657	0.969	0.969	0.9691	0.9679	0.9626	0.969	0.9691	0.969	0.9667	0.9691	1.7756	0.9602	0.9687
  C	0.9664	0.9661	0	0.9656	0.9649	0.9655	1.4651	0.9657	0.9536	1.0015	1.2415	1.8854	0.9655	0.9667	0.9654	0.9683	0.9656	0.9627	0.9658	0.9689	1.3843	1.446	0.9657	1.1363	0.9643	0.9653	0.9653	1.1755	2.0661	0.9663	0.9654	0.9653	0.9653	0.9669	1.0196	0.9664	3.2237	1.1166	1.4497	0.9654	0.9654	0.9656	1.1902	0.9654	0.9653	0.9653	1.2216	0.9661	1.4464	0.9668	1.5372	0.9635	0.9655	0.9667	0.9659	0.9753	1.0701	0.9653	0.9659	0.9653	0.967	0.966	5.7469	1.1979	1.1718
  D	0.9694	0.969	0.9656	0	0.9684	0.9679	0.9659	0.9691	0.9338	0.9694	0.9685	1.1176	0.9693	0.9697	0.9693	0.9685	0.9693	3.3958	0.9693	0.9683	0.9611	0.9692	0.9693	0.9691	0.9664	0.9692	0.9693	1.4149	0.9647	0.9692	0.9693	0.9692	0.9693	0.9691	0.964	0.9636	0.9576	0.9695	0.9693	0.9693	0.9693	0.9692	0.9691	0.9693	0.9693	0.9693	0.9633	0.9692	0.9693	0.9693	0.9604	0.9654	0.9693	0.9692	0.9695	0.9679	0.9615	0.9693	0.9693	0.9693	0.9664	0.9693	0.8933	0.959	0.9689
  E	0.9685	0.9683	0.9649	0.9684	0	0.9669	0.9653	0.9682	0.9308	0.9684	0.9679	0.937	0.9684	0.9683	1.244	0.9678	0.9685	0.9573	0.9685	0.9679	0.9594	0.9681	0.9684	0.9683	0.9652	0.9683	0.9684	0.9629	0.9642	0.9857	0.9684	0.9683	0.9684	0.9684	0.9631	3.635	0.9636	0.9687	0.9684	0.9683	0.9684	0.9683	0.9684	0.9683	0.9683	0.9684	3.7089	0.9684	0.9686	0.9686	0.9593	0.9641	0.9684	0.9685	0.9685	0.9674	0.9988	0.9683	0.9685	0.9684	0.9654	0.9685	0.8871	0.9576	0.9679
  F	0.9679	0.9678	0.9655	0.9679	0.9669	0	0.9656	0.9676	0.9354	0.9678	1.2976	0.9612	0.97	1.023	0.9678	1.4486	1.1275	3.8905	0.9679	0.9678	1.0469	1.6047	0.9679	0.9829	0.9649	0.9676	0.9676	1.6866	0.9648	0.9678	0.9678	0.9676	0.9677	0.9685	0.9634	0.9631	4.1136	0.9682	0.9677	0.9677	0.968	0.9678	0.9679	0.9677	0.9676	0.9677	3.524	0.9679	0.9681	0.9684	0.9604	0.9896	0.9677	0.9683	0.9679	0.9671	0.9957	0.9676	0.9681	0.9677	0.966	0.9678	1.0373	0.959	0.9678
  G	0.9668	0.9666	1.4651	0.9659	0.9653	0.9656	0	0.966	0.9558	0.9661	1.0557	1.2752	0.9659	0.9664	0.9658	0.9669	0.9659	0.9629	0.9663	1.4508	1.0089	0.9657	0.966	0.966	0.9647	0.9658	0.9658	0.9657	0.9675	1.0304	0.9659	0.9658	0.9658	0.9668	0.9657	0.9651	0.9647	0.9668	1.26	0.9658	0.9658	0.966	0.9667	0.9658	0.9658	0.9658	0.9655	0.9665	1.4489	0.9669	0.9739	0.9642	0.9659	0.967	0.9667	0.9666	0.9643	0.9658	0.9663	1.4485	1.1062	1.235	7.8399	0.9629	0.9669
  H	0.9692	0.9689	0.9657	0.9691	0.9682	0.9676	0.966	0	0.9349	0.9691	0.9684	1.7582	0.9691	0.9691	0.9691	0.9684	0.9691	0.9591	0.9691	0.9683	0.9607	0.9689	0.9691	0.9689	0.9663	0.969	0.9691	0.9641	0.9693	0.969	0.9691	0.969	0.9691	0.969	0.9641	1.0196	0.9577	0.9695	0.9691	0.9691	0.9691	0.969	0.969	0.9691	0.969	0.9691	1.0167	0.969	0.9691	0.9691	0.9606	0.9653	0.9691	0.969	0.9691	0.976	0.9616	0.9691	0.9691	0.9691	0.9661	0.9691	0.8974	2.3976	0.9686
  I	0.9364	0.9396	0.9536	0.9338	0.9308	0.9354	0.9558	0.9349	0	0.9327	1.005	1.8061	0.9333	0.9369	0.9325	1.0004	0.9333	0.9447	0.9367	0.9554	0.9567	0.9324	0.9339	0.9345	0.9334	0.9327	0.9324	0.9372	1.4468	0.937	0.933	0.9327	0.9327	0.9411	2.7034	0.9474	0.9796	0.9379	0.9334	0.9327	0.9325	0.9348	1.0601	0.9331	0.9326	0.9324	0.9552	0.9387	0.942	0.9426	1.8157	0.9327	0.933	0.9435	0.9358	0.9424	0.9384	0.9326	0.9358	0.9326	0.9525	0.9365	55.9503	1.4046	0.9327
  J	0.9694	0.9691	1.0015	0.9694	0.9684	0.9678	0.9661	0.9691	0.9327	0	1.0019	0.9383	0.9694	0.9692	0.9693	0.9685	0.9693	0.9586	0.9693	0.9683	0.9602	0.9691	0.9693	0.9692	0.9663	0.9692	0.9693	1.3921	0.9645	0.9692	0.9693	0.9693	0.9693	0.9692	0.9639	0.9633	0.957	0.9695	0.9694	0.9693	0.9694	0.9692	0.9692	0.9693	0.9693	0.9694	0.963	0.9693	0.9693	0.9694	0.9601	0.9653	0.9693	0.9692	0.9694	0.9678	0.9613	0.9693	0.9694	0.9693	0.9661	0.9693	0.8916	0.9584	1.0152
  K	0.969	1.1057	1.2415	0.9685	0.9679	1.2976	1.0557	0.9684	1.005	1.0019	0	0.9577	0.9685	0.969	0.9684	0.9696	0.9685	0.9635	0.9689	0.9717	1.0084	0.9684	0.9685	0.9686	0.9666	0.9683	0.9684	1.4182	0.9697	0.9688	0.9684	0.9684	0.9684	0.9696	0.9677	0.9656	1.2045	0.9693	0.9686	1.4522	0.9684	0.9685	0.9694	0.9684	0.9684	0.9684	0.9674	0.9692	0.9697	0.9697	0.9712	0.966	0.9684	0.9698	0.969	0.969	1.1113	0.9684	0.9689	0.9685	1.2036	0.969	3.6768	0.9627	1.1679
  L	0.9425	0.944	1.8854	1.1176	0.937	0.9612	1.2752	1.7582	1.8061	0.9383	0.9577	0	0.9388	0.9668	0.9381	0.9485	0.9389	0.9489	0.9416	0.957	11.1718	0.9383	0.9402	1.097	1.4051	0.9383	0.938	1.2586	4.7698	2.1461	0.9386	0.9383	0.9383	0.945	0.9528	8.7352	1.4132	1.2583	1.15	0.9382	0.9382	0.9437	0.9449	0.9387	0.9382	0.938	4.6889	0.9433	1.4212	0.9461	6.9124	0.9376	0.9387	0.9496	0.941	3.3062	1.4138	0.9382	0.942	0.9382	1.2147	0.9414	17.0308	8.2517	0.9384
  M	0.9694	0.9691	0.9655	0.9693	0.9684	0.97	0.9659	0.9691	0.9333	0.9694	0.9685	0.9388	0	0.9694	0.9693	0.9686	1.2858	0.9646	0.9693	0.9683	0.9607	0.9692	0.9694	0.9692	0.9663	0.9692	0.9693	0.9643	0.9647	0.9692	0.9694	0.9693	0.9693	0.9693	0.964	0.9634	2.2098	0.9695	0.9693	0.9693	1.1342	0.9693	0.9692	0.9693	0.9692	0.9693	0.98	0.9693	0.9693	0.9695	0.9602	0.9654	0.9693	0.9693	0.9694	0.9679	0.9615	0.9693	0.9695	0.9693	0.9663	0.9693	0.8921	0.9587	0.969
  N	0.9693	0.969	0.9667	0.9697	0.9683	1.023	0.9664	0.9691	0.9369	0.9692	0.969	0.9668	0.9694	0	0.9691	0.9693	0.9693	1.5151	0.9692	0.9684	1.1349	0.9694	0.9692	0.9691	0.9665	0.969	0.9691	0.9661	0.9658	0.9691	0.9692	0.9691	0.9691	0.9703	0.9645	0.964	1.1803	0.9696	0.9692	0.9691	0.9692	0.9692	0.969	0.9692	0.9691	0.9692	0.9652	0.9691	0.9693	0.9693	0.9614	0.9669	0.9692	0.9693	0.9692	0.9681	0.9625	0.9691	0.9694	0.9691	0.9668	0.9692	1.3308	1.2031	0.9688
  O	0.9694	0.969	0.9654	0.9693	1.244	0.9678	0.9658	0.9691	0.9325	0.9693	0.9684	0.9381	0.9693	0.9691	0	0.9685	0.9693	0.9584	0.9693	0.9683	0.9601	0.9691	0.9693	0.9691	0.9662	0.9692	0.9693	0.9639	0.9646	0.9692	0.9693	0.9692	0.9693	0.9691	0.9638	0.9668	0.9659	0.9694	0.9693	0.9693	0.9693	0.9692	0.9691	0.9693	0.9692	0.9693	1.7575	0.9692	0.9692	0.9693	0.96	0.9652	0.9693	0.9692	0.9693	0.9679	0.9612	0.9693	0.9693	0.9693	0.966	0.9693	0.8902	0.9583	0.9688
  P	0.9688	0.9685	0.9683	0.9685	0.9678	1.4486	0.9669	0.9684	1.0004	0.9685	0.9696	0.9485	0.9686	0.9693	0.9685	0	0.9686	2.4083	0.9686	0.9684	0.9661	0.9684	0.9686	0.9685	0.9664	0.9684	0.9685	0.9651	0.967	0.9688	0.9685	0.9685	0.9685	0.9688	0.9653	0.9646	1.1441	0.9689	0.9685	0.9685	0.9686	0.9685	0.9686	0.9685	0.9685	1.2425	0.9649	0.9687	0.9687	0.9689	0.9639	0.9657	0.9685	0.9688	1.3961	0.9678	0.9633	0.9687	0.9691	0.9685	3.1179	0.9687	2.8901	0.9611	0.9683
  Q	0.9694	0.969	0.9656	0.9693	0.9685	1.1275	0.9659	0.9691	0.9333	0.9693	0.9685	0.9389	1.2858	0.9693	0.9693	0.9686	0	0.9638	0.9693	0.9683	0.9607	0.9691	0.9693	0.9691	0.9663	0.9692	0.9693	0.9643	0.9648	0.9692	0.9694	0.9692	0.9693	0.9693	0.9639	0.9635	1.8581	0.9695	0.9693	0.9693	1.2853	0.9692	0.9691	0.9693	0.9692	0.9693	1.7654	0.9692	0.9693	0.9694	0.9603	0.9653	0.9693	0.9692	0.9693	0.9679	0.9615	0.9693	0.9695	0.9693	0.9662	0.9693	0.8925	0.9587	0.969
  R	0.9592	0.9603	0.9627	3.3958	0.9573	3.8905	0.9629	0.9591	0.9447	0.9586	0.9635	0.9489	0.9646	1.5151	0.9584	2.4083	0.9638	0	0.9596	0.9642	1.0571	1.7958	0.9591	0.9589	0.9568	0.9584	0.9583	3.1837	0.9627	0.9598	0.9587	0.9584	0.9584	0.9613	0.9602	0.9592	6.3108	0.9603	0.9587	0.9584	0.9606	0.965	0.9606	0.9586	0.9584	0.9584	1.004	0.9602	0.9612	0.9616	0.9598	6.4844	0.9586	0.9899	0.9595	0.9606	0.9556	0.9584	0.9597	0.9584	1.4439	0.9595	2.1338	1.0661	0.9587
  S	0.9695	0.9691	0.9658	0.9693	0.9685	0.9679	0.9663	0.9691	0.9367	0.9693	0.9689	0.9416	0.9693	0.9692	0.9693	0.9686	0.9693	0.9596	0	0.9684	0.9612	0.9691	0.9693	0.9692	0.9666	0.9692	0.9693	0.9646	0.9651	0.9692	0.9693	0.9693	0.9693	0.9692	0.9645	0.9639	0.9582	0.9694	0.9693	0.9693	0.9693	0.9692	0.9692	0.9693	0.9692	0.9693	0.9637	0.9692	0.9692	0.9693	0.9611	0.9657	0.9693	0.9692	0.9693	0.9679	0.9622	0.9693	0.9694	0.9693	0.9664	0.9693	1.347	0.9595	0.9689
  T	0.9689	0.9684	0.9689	0.9683	0.9679	0.9678	1.4508	0.9683	0.9554	0.9683	0.9717	0.957	0.9683	0.9684	0.9683	0.9684	0.9683	0.9642	0.9684	0	0.9652	0.9682	0.9684	0.9683	0.9671	0.9683	0.9683	0.9663	0.9675	0.9684	0.9683	0.9683	0.9683	0.9685	0.9735	0.9663	0.9642	0.9685	0.9688	0.9683	0.9683	0.9683	1.0456	0.9683	0.9683	0.9683	0.9664	0.9685	0.9779	0.9686	0.9653	0.9666	0.9683	0.9686	0.9684	0.9681	0.9655	0.9683	0.9686	0.9683	0.9679	0.9687	6.5918	0.9642	0.9681
  U	0.9616	0.9618	1.3843	0.9611	0.9594	1.0469	1.0089	0.9607	0.9567	0.9602	1.0084	11.1718	0.9607	1.1349	0.9601	0.9661	0.9607	1.0571	0.9612	0.9652	0	0.9604	0.9609	0.9608	0.9597	0.9601	0.96	1.4407	2.9979	0.9616	0.9606	0.9601	0.9601	3.2271	0.9637	0.9621	5.5989	1.4852	0.9605	0.9601	0.9602	0.9608	0.9621	0.9603	0.9601	0.9601	1.5341	0.9617	0.9637	0.9639	1.1058	0.9598	1.0145	0.9631	0.961	1.3495	0.9709	0.9601	0.9614	0.9601	1.4455	0.9611	5.3511	2.3771	0.9605
  V	0.9692	0.9689	1.446	0.9692	0.9681	1.6047	0.9657	0.9689	0.9324	0.9691	0.9684	0.9383	0.9692	0.9694	0.9691	0.9684	0.9691	1.7958	0.9691	0.9682	0.9604	0	0.9691	0.969	0.966	0.969	0.9691	0.9694	0.9644	0.969	0.9691	0.969	0.9691	0.969	0.9637	0.9631	1.4355	0.9695	0.9711	0.9691	0.9692	0.969	0.9695	0.9691	0.969	0.9691	0.963	0.9691	0.9691	0.9692	0.96	0.9652	0.9691	0.9691	0.9691	0.9676	0.961	0.9691	0.9692	0.9691	0.966	0.9691	0.8918	0.9582	0.9687
  W	0.9694	0.969	0.9657	0.9693	0.9684	0.9679	0.966	0.9691	0.9339	0.9693	0.9685	0.9402	0.9694	0.9692	0.9693	0.9686	0.9693	0.9591	0.9693	0.9684	0.9609	0.9691	0	0.9691	0.9663	0.9691	0.9693	0.9643	0.9657	0.9693	0.9693	0.9692	0.9693	0.9693	0.964	0.9634	1.3882	0.9695	0.9693	0.9693	0.9694	0.9692	0.9692	0.9693	0.9692	0.9693	0.9637	0.9692	0.9693	0.9694	0.9604	0.9653	0.9693	0.9693	0.9693	0.9678	0.9615	0.9693	0.9695	0.9693	0.9665	0.9693	0.9418	0.9587	0.9689
  X	0.9693	0.9689	1.1363	0.9691	0.9683	0.9829	0.966	0.9689	0.9345	0.9692	0.9686	1.097	0.9692	0.9691	0.9691	0.9685	0.9691	0.9589	0.9692	0.9683	0.9608	0.969	0.9691	0	0.9663	0.969	0.9691	0.9642	0.9649	0.9691	0.9691	0.9691	0.9691	0.969	0.9641	1.4459	0.9577	0.9696	0.9692	0.9691	0.9692	0.9691	0.9691	0.9691	0.9691	0.9692	1.4312	0.9691	0.9692	0.9692	0.9607	0.9653	0.9692	0.9691	0.9692	0.9678	0.9615	0.9691	0.9692	0.9691	0.9661	0.9692	1.0633	1.438	0.9687
  Y	0.9665	0.9666	0.9643	0.9664	0.9652	0.9649	0.9647	0.9663	0.9334	0.9663	0.9666	1.4051	0.9663	0.9665	0.9662	0.9664	0.9663	0.9568	0.9666	0.9671	0.9597	0.966	0.9663	0.9663	0	0.9661	0.9662	0.9615	0.9636	0.9666	0.9663	0.9662	0.9663	0.9667	0.9625	0.9621	0.9565	0.967	0.9664	0.9662	0.9663	0.9664	0.9668	0.9663	0.9662	0.9663	0.9616	0.9667	0.967	0.967	0.9595	0.9624	0.9663	0.967	0.9666	0.9657	0.959	0.9662	0.9665	0.9663	0.9647	0.9665	0.8923	0.9571	0.9658
  Z	0.9693	0.9689	0.9653	0.9692	0.9683	0.9676	0.9658	0.969	0.9327	0.9692	0.9683	0.9383	0.9692	0.969	0.9692	0.9684	0.9692	0.9584	0.9692	0.9683	0.9601	0.969	0.9691	0.969	0.9661	0	0.9692	0.9639	0.9645	0.969	0.9692	0.9691	0.9692	0.969	0.9638	0.9632	0.9568	0.9693	0.9692	0.9692	0.9692	0.9691	0.969	0.9691	0.9691	0.9692	1.4444	0.9691	0.9691	0.9692	0.96	0.9651	0.9692	0.9691	0.9692	0.9677	0.9611	0.9692	0.9692	0.9692	0.966	0.9692	0.8906	0.9583	0.9687
  [	0.9694	0.969	0.9653	0.9693	0.9684	0.9676	0.9658	0.9691	0.9324	0.9693	0.9684	0.938	0.9693	0.9691	0.9693	0.9685	0.9693	0.9583	0.9693	0.9683	0.96	0.9691	0.9693	0.9691	0.9662	0.9692	0	0.9639	0.9645	0.9692	0.9693	0.9693	0.9693	0.9691	0.9638	0.9632	0.9567	0.9694	0.9693	0.9693	0.9694	0.9692	0.9691	0.9693	0.9692	0.9693	0.9629	1.4541	0.9692	0.9693	0.9599	0.9652	0.9693	0.9692	0.9693	0.9677	0.9611	0.9693	0.9693	0.9693	0.966	0.9693	0.8901	0.9582	0.9688
  \	0.9645	0.9648	1.1755	1.4149	0.9629	1.6866	0.9657	0.9641	0.9372	1.3921	1.4182	1.2586	0.9643	0.9661	0.9639	0.9651	0.9643	3.1837	0.9646	0.9663	1.4407	0.9694	0.9643	0.9642	0.9615	0.9639	0.9639	0	0.9649	0.9646	0.9641	0.9639	0.964	0.9652	0.9619	0.9612	3.8395	0.9651	0.9641	0.964	0.9641	0.9643	0.965	0.964	1.3557	0.964	0.9615	0.9648	0.9654	0.9657	0.9598	0.9608	0.964	0.9656	1.7283	0.9643	0.9582	0.964	0.9648	0.9639	1.6681	0.9645	1.4705	0.957	1.2262
  ]	1.2536	0.9655	2.0661	0.9647	0.9642	0.9648	0.9675	0.9693	1.4468	0.9645	0.9697	4.7698	0.9647	0.9658	0.9646	0.967	0.9648	0.9627	0.9651	0.9675	2.9979	0.9644	0.9657	0.9649	0.9636	0.9645	0.9645	0.9649	0	0.9693	0.9646	1.4471	0.9645	0.9659	0.9654	1.0196	1.7275	0.9665	0.9647	0.9645	0.9645	0.9649	0.9657	0.9646	0.9645	0.9645	3.278	0.9655	0.9661	0.966	2.5225	0.963	0.9646	0.9663	0.9657	3.4941	0.9628	0.9645	0.9671	0.9645	1.452	0.9657	6.4486	3.0824	0.9644
  ^	0.9693	0.969	0.9663	0.9692	0.9857	0.9678	1.0304	0.969	0.937	0.9692	0.9688	2.1461	0.9692	0.9691	0.9692	0.9688	0.9692	0.9598	0.9692	0.9684	0.9616	0.969	0.9693	0.9691	0.9666	0.969	0.9692	0.9646	0.9693	0	0.9692	0.9691	0.9691	0.9691	0.9644	1.7895	1.2056	0.9698	0.9692	0.9691	0.9692	0.9692	0.9691	0.9691	0.9691	0.9692	1.2062	0.9692	0.9692	0.9693	0.9614	0.9656	0.9692	0.9692	0.9692	0.9681	0.9622	0.9692	0.9695	0.9692	1.7661	0.9692	1.1498	0.9598	0.9688
  _	0.9694	0.969	0.9654	0.9693	0.9684	0.9678	0.9659	0.9691	0.933	0.9693	0.9684	0.9386	0.9694	0.9692	0.9693	0.9685	0.9694	0.9587	0.9693	0.9683	0.9606	0.9691	0.9693	0.9691	0.9663	0.9692	0.9693	0.9641	0.9646	0.9692	0	0.9693	0.9693	1.0647	0.9639	0.9633	1.3656	0.9695	0.9693	0.9693	0.9694	0.9692	0.9691	0.9693	0.9692	0.9693	0.9632	0.9692	0.9693	0.9694	0.9601	0.9653	0.9693	0.9692	0.9693	0.9678	0.9614	0.9693	0.9694	0.9693	0.9661	0.9693	0.8915	0.9586	0.9689
  `	0.9695	0.969	0.9653	0.9692	0.9683	0.9676	0.9658	0.969	0.9327	0.9693	0.9684	0.9383	0.9693	0.9691	0.9692	0.9685	0.9692	0.9584	0.9693	0.9683	0.9601	0.969	0.9692	0.9691	0.9662	0.9691	0.9693	0.9639	1.4471	0.9691	0.9693	0	0.9692	0.9691	0.9638	0.9632	0.9568	0.9694	0.9693	0.9692	0.9693	0.9692	0.9691	0.9692	0.9692	0.9693	0.963	0.9692	0.9692	0.9693	0.96	0.9652	0.9693	0.9691	0.9693	0.9678	0.9612	0.9692	0.9693	0.9693	0.966	0.9693	0.8906	0.9583	0.9688
  a	0.9694	0.969	0.9653	0.9693	0.9684	0.9677	0.9658	0.9691	0.9327	0.9693	0.9684	0.9383	0.9693	0.9691	0.9693	0.9685	0.9693	0.9584	0.9693	0.9683	0.9601	0.9691	0.9693	0.9691	0.9663	0.9692	0.9693	0.964	0.9645	0.9691	0.9693	0.9692	0	0.9691	0.9639	0.9633	0.9569	0.9694	0.9693	0.9693	0.9693	0.9692	0.9691	0.9693	0.9692	0.9693	1.4445	0.9692	0.9692	0.9693	0.96	0.9652	0.9693	0.9692	0.9693	0.9678	0.9612	0.9693	0.9693	0.9693	0.966	0.9693	0.8906	0.9584	0.9688
  b	0.9694	0.969	0.9669	0.9691	0.9684	0.9685	0.9668	0.969	0.9411	0.9692	0.9696	0.945	0.9693	0.9703	0.9691	0.9688	0.9693	0.9613	0.9692	0.9685	3.2271	0.969	0.9693	0.969	0.9667	0.969	0.9691	0.9652	0.9659	0.9691	1.0647	0.9691	0.9691	0	0.9659	0.9644	2.3732	1.1341	0.9692	0.9691	0.9692	0.9691	0.9691	0.9691	0.9691	0.9692	0.9646	0.9691	0.9692	0.9712	0.9621	0.9659	0.9834	0.9692	0.9692	0.9684	0.963	0.9691	0.9694	0.9691	0.9669	0.9692	1.996	1.3137	0.969
  c	0.9645	0.9648	1.0196	0.964	0.9631	0.9634	0.9657	0.9641	2.7034	0.9639	0.9677	0.9528	0.964	0.9645	0.9638	0.9653	0.9639	0.9602	0.9645	0.9735	0.9637	0.9637	0.964	0.9641	0.9625	0.9638	0.9638	0.9619	0.9654	0.9644	0.9639	0.9638	0.9639	0.9659	0	0.9631	0.962	0.9648	0.964	0.9638	0.9639	0.9641	1.0185	0.9639	0.9638	0.9638	0.9633	0.9648	0.9709	0.9654	1.0134	0.9618	0.9639	0.9655	0.9644	0.9647	0.9608	0.9638	0.9643	0.9638	0.9653	0.9645	4.2335	0.9602	0.9636
  d	0.9638	0.9642	0.9664	0.9636	3.635	0.9631	0.9651	1.0196	0.9474	0.9633	0.9656	8.7352	0.9634	0.964	0.9668	0.9646	0.9635	0.9592	0.9639	0.9663	0.9621	0.9631	0.9634	1.4459	0.9621	0.9632	0.9632	0.9612	1.0196	1.7895	0.9633	0.9632	0.9633	0.9644	0.9631	0	1.0487	0.9659	0.9635	0.9632	0.9633	0.9636	0.9644	0.9633	0.9632	0.9632	7.1528	0.9642	0.9648	0.9648	1.7785	0.961	0.9633	0.965	0.9638	1.1799	1.8962	0.9632	0.9637	0.9632	0.9647	0.9638	1.0144	2.3705	0.963
  e	0.9587	0.9593	3.2237	0.9576	0.9636	4.1136	0.9647	0.9577	0.9796	0.957	1.2045	1.4132	2.2098	1.1803	0.9659	1.1441	1.8581	6.3108	0.9582	0.9642	5.5989	1.4355	1.3882	0.9577	0.9565	0.9568	0.9567	3.8395	1.7275	1.2056	1.3656	0.9568	0.9569	2.3732	0.962	1.0487	0	1.4016	0.9571	0.9568	1.0572	1.2119	0.9596	1.4355	0.9568	0.9567	6.6363	0.9591	1.2927	1.1295	1.1727	0.9577	1.0161	1.6672	0.9581	1.0425	1.915	0.9568	1.6479	0.9568	1.9796	0.9582	15.2712	2.579	1.4111
  f	0.9696	0.9692	1.1166	0.9695	0.9687	0.9682	0.9668	0.9695	0.9379	0.9695	0.9693	1.2583	0.9695	0.9696	0.9694	0.9689	0.9695	0.9603	0.9694	0.9685	1.4852	0.9695	0.9695	0.9696	0.967	0.9693	0.9694	0.9651	0.9665	0.9698	0.9695	0.9694	0.9694	1.1341	0.9648	0.9659	1.4016	0	0.9698	0.9694	0.9695	0.9694	0.9694	0.9694	0.9694	0.9695	0.9651	0.9694	0.9699	0.9695	0.9635	0.966	0.9872	0.9693	0.9695	0.9688	0.9629	0.9694	0.9696	0.9694	0.9668	0.9695	1.4358	1.3279	0.9692
  g	0.9694	0.969	1.4497	0.9693	0.9684	0.9677	1.26	0.9691	0.9334	0.9694	0.9686	1.15	0.9693	0.9692	0.9693	0.9685	0.9693	0.9587	0.9693	0.9688	0.9605	0.9711	0.9693	0.9692	0.9664	0.9692	0.9693	0.9641	0.9647	0.9692	0.9693	0.9693	0.9693	0.9692	0.964	0.9635	0.9571	0.9698	0	0.9693	0.9694	0.9692	0.9703	0.9693	0.9692	0.9693	0.9632	0.9692	0.9696	0.9693	0.9604	0.9653	0.9693	0.9692	0.9693	0.9678	0.9614	0.9693	0.9693	0.9693	0.9661	0.9694	0.927	0.9587	0.9689
  h	0.9694	0.969	0.9654	0.9693	0.9683	0.9677	0.9658	0.9691	0.9327	0.9693	1.4522	0.9382	0.9693	0.9691	0.9693	0.9685	0.9693	0.9584	0.9693	0.9683	0.9601	0.9691	0.9693	0.9691	0.9662	0.9692	0.9693	0.964	0.9645	0.9691	0.9693	0.9692	0.9693	0.9691	0.9638	0.9632	0.9568	0.9694	0.9693	0	0.9693	0.9692	0.9691	0.9693	0.9692	0.9693	0.963	0.9692	0.9692	0.9693	0.96	0.9652	0.9693	0.9692	0.9693	0.9677	0.9612	0.9693	0.9693	0.9693	0.966	0.9693	0.8914	0.9583	0.9688
  i	0.9695	0.9691	0.9654	0.9693	0.9684	0.968	0.9658	0.9691	0.9325	0.9694	0.9684	0.9382	1.1342	0.9692	0.9693	0.9686	1.2853	0.9606	0.9693	0.9683	0.9602	0.9692	0.9694	0.9692	0.9663	0.9692	0.9694	0.9641	0.9645	0.9692	0.9694	0.9693	0.9693	0.9692	0.9639	0.9633	1.0572	0.9695	0.9694	0.9693	0	0.9693	0.9692	0.9694	0.9693	0.9694	0.9646	0.9693	0.9693	0.9694	0.96	0.9653	0.9694	0.9692	0.9694	0.9678	0.9613	0.9693	0.9694	0.9694	0.9661	0.9694	0.8904	0.9584	0.9689
  j	0.9693	0.969	0.9656	0.9692	0.9683	0.9678	0.966	0.969	0.9348	0.9692	0.9685	0.9437	0.9693	0.9692	0.9692	0.9685	0.9692	0.965	0.9692	0.9683	0.9608	0.969	0.9692	0.9691	0.9664	0.9691	0.9692	0.9643	0.9649	0.9692	0.9692	0.9692	0.9692	0.9691	0.9641	0.9636	1.2119	0.9694	0.9692	0.9692	0.9693	0	0.9691	0.9692	0.9691	0.9692	0.9634	0.9692	0.9692	0.9693	0.9606	0.9654	0.9692	0.9729	0.9693	0.9678	0.9616	0.9692	0.9693	0.9692	0.9663	0.9692	1.0923	0.959	0.9688
  k	0.9694	0.969	1.1902	0.9691	0.9684	0.9679	0.9667	0.969	1.0601	0.9692	0.9694	0.9449	0.9692	0.969	0.9691	0.9686	0.9691	0.9606	0.9692	1.0456	0.9621	0.9695	0.9692	0.9691	0.9668	0.969	0.9691	0.965	0.9657	0.9691	0.9691	0.9691	0.9691	0.9691	1.0185	0.9644	0.9596	0.9694	0.9703	0.9691	0.9692	0.9691	0	0.9691	0.9691	0.9692	0.9644	0.9692	1.0235	0.9692	0.9621	0.9659	0.9692	0.9691	0.9692	0.968	0.963	0.9691	0.9692	0.9691	0.9668	0.9692	1.8828	0.9606	0.9688
  l	0.9694	0.969	0.9654	0.9693	0.9683	0.9677	0.9658	0.9691	0.9331	0.9693	0.9684	0.9387	0.9693	0.9692	0.9693	0.9685	0.9693	0.9586	0.9693	0.9683	0.9603	0.9691	0.9693	0.9691	0.9663	0.9691	0.9693	0.964	0.9646	0.9691	0.9693	0.9692	0.9693	0.9691	0.9639	0.9633	1.4355	0.9694	0.9693	0.9693	0.9694	0.9692	0.9691	0	0.9692	0.9693	0.9631	0.9692	0.9692	0.9693	0.9601	0.9653	0.9693	0.9692	0.9693	0.9678	0.9613	0.9693	0.9694	0.9693	0.9661	0.9693	0.8915	0.9585	0.9689
  m	0.9693	0.969	0.9653	0.9693	0.9683	0.9676	0.9658	0.969	0.9326	0.9693	0.9684	0.9382	0.9692	0.9691	0.9692	0.9685	0.9692	0.9584	0.9692	0.9683	0.9601	0.969	0.9692	0.9691	0.9662	0.9691	0.9692	1.3557	0.9645	0.9691	0.9692	0.9692	0.9692	0.9691	0.9638	0.9632	0.9568	0.9694	0.9692	0.9692	0.9693	0.9691	0.9691	0.9692	0	0.9692	0.9629	0.9692	0.9692	0.9692	0.96	0.9652	0.9692	0.9691	1.0685	0.9677	0.9611	0.9692	0.9693	0.9692	0.9661	0.9692	0.8904	0.9583	0.9688
  n	0.9694	0.969	0.9653	0.9693	0.9684	0.9677	0.9658	0.9691	0.9324	0.9694	0.9684	0.938	0.9693	0.9692	0.9693	1.2425	0.9693	0.9584	0.9693	0.9683	0.9601	0.9691	0.9693	0.9692	0.9663	0.9692	0.9693	0.964	0.9645	0.9692	0.9693	0.9693	0.9693	0.9692	0.9638	0.9632	0.9567	0.9695	0.9693	0.9693	0.9694	0.9692	0.9692	0.9693	0.9692	0	0.9629	0.9692	0.9692	0.9693	0.9599	0.9652	0.9693	0.9692	1.2476	0.9678	0.9612	0.9693	0.9694	0.9693	0.9661	0.9693	0.89	0.9583	0.9688
  o	0.9648	0.9641	1.2216	0.9633	3.7089	3.524	0.9655	1.0167	0.9552	0.963	0.9674	4.6889	0.98	0.9652	1.7575	0.9649	1.7654	1.004	0.9637	0.9664	1.5341	0.963	0.9637	1.4312	0.9616	1.4444	0.9629	0.9615	3.278	1.2062	0.9632	0.963	1.4445	0.9646	0.9633	7.1528	6.6363	0.9651	0.9632	0.963	0.9646	0.9634	0.9644	0.9631	0.9629	0.9629	0	0.9641	1.0086	0.965	1.1992	0.9609	0.9631	0.9651	0.9636	1.9574	0.9605	0.963	0.964	0.963	0.9675	0.9637	3.7206	1.4546	0.9632
  p	0.9694	0.969	0.9661	0.9692	0.9684	0.9679	0.9665	0.969	0.9387	0.9693	0.9692	0.9433	0.9693	0.9691	0.9692	0.9687	0.9692	0.9602	0.9692	0.9685	0.9617	0.9691	0.9692	0.9691	0.9667	0.9691	1.4541	0.9648	0.9655	0.9692	0.9692	0.9692	0.9692	0.9691	0.9648	0.9642	0.9591	0.9694	0.9692	0.9692	0.9693	0.9692	0.9692	0.9692	0.9692	0.9692	0.9641	0	0.9692	0.9693	0.9616	0.9658	0.9692	1.0939	0.9693	0.968	0.9626	0.9692	0.9694	0.9692	1.3236	0.9693	1.5672	0.9601	0.9688
  q	0.9695	0.9691	1.4464	0.9693	0.9686	0.9681	1.4489	0.9691	0.942	0.9693	0.9697	1.4212	0.9693	0.9693	0.9692	0.9687	0.9693	0.9612	0.9692	0.9779	0.9637	0.9691	0.9693	0.9692	0.967	0.9691	0.9692	0.9654	0.9661	0.9692	0.9693	0.9692	0.9692	0.9692	0.9709	0.9648	1.2927	0.9699	0.9696	0.9692	0.9693	0.9692	1.0235	0.9692	0.9692	0.9692	1.0086	0.9692	0	0.9693	1.1958	0.9662	0.9692	0.9692	0.9693	0.9683	0.9634	0.9692	0.9694	0.9692	0.967	0.9694	2.2075	0.9611	0.969
  r	0.9696	0.9691	0.9668	0.9693	0.9686	0.9684	0.9669	0.9691	0.9426	0.9694	0.9697	0.9461	0.9695	0.9693	0.9693	0.9689	0.9694	0.9616	0.9693	0.9686	0.9639	0.9692	0.9694	0.9692	0.967	0.9692	0.9693	0.9657	0.966	0.9693	0.9694	0.9693	0.9693	0.9712	0.9654	0.9648	1.1295	0.9695	0.9693	0.9693	0.9694	0.9693	0.9692	0.9693	0.9692	0.9693	0.965	0.9693	0.9693	0	0.9625	0.9663	0.9693	0.9693	0.9693	0.9683	0.9635	0.9693	0.9695	0.9693	0.9671	0.9694	2.2688	0.9612	1.5193
  s	0.9619	0.9618	1.5372	0.9604	0.9593	0.9604	0.9739	0.9606	1.8157	0.9601	0.9712	6.9124	0.9602	0.9614	0.96	0.9639	0.9603	0.9598	0.9611	0.9653	1.1058	0.96	0.9604	0.9607	0.9595	0.96	0.9599	0.9598	2.5225	0.9614	0.9601	0.96	0.96	0.9621	1.0134	1.7785	1.1727	0.9635	0.9604	0.96	0.96	0.9606	0.9621	0.9601	0.96	0.9599	1.1992	0.9616	1.1958	0.9625	0	0.9587	0.9601	0.9629	0.9609	1.5534	0.9597	0.96	0.9609	0.96	0.9643	0.9611	8.5566	1.0594	0.96
  t	0.9656	0.9657	0.9635	0.9654	0.9641	0.9896	0.9642	0.9653	0.9327	0.9653	0.966	0.9376	0.9654	0.9669	0.9652	0.9657	0.9653	6.4844	0.9657	0.9666	0.9598	0.9652	0.9653	0.9653	0.9624	0.9651	0.9652	0.9608	0.963	0.9656	0.9653	0.9652	0.9652	0.9659	0.9618	0.961	0.9577	0.966	0.9653	0.9652	0.9653	0.9654	0.9659	0.9653	0.9652	0.9652	0.9609	0.9658	0.9662	0.9663	0.9587	0	0.9653	0.9664	0.9656	0.9648	0.9579	0.9652	0.9655	0.9652	0.9641	0.9656	0.8907	0.9563	0.9648
  u	0.9694	0.969	0.9655	0.9693	0.9684	0.9677	0.9659	0.9691	0.933	0.9693	0.9684	0.9387	0.9693	0.9692	0.9693	0.9685	0.9693	0.9586	0.9693	0.9683	1.0145	0.9691	0.9693	0.9692	0.9663	0.9692	0.9693	0.964	0.9646	0.9692	0.9693	0.9693	0.9693	0.9834	0.9639	0.9633	1.0161	0.9872	0.9693	0.9693	0.9694	0.9692	0.9692	0.9693	0.9692	0.9693	0.9631	0.9692	0.9692	0.9693	0.9601	0.9653	0	0.9692	0.9693	0.9678	0.9613	0.9693	0.9693	0.9693	0.9661	0.9693	0.8913	1.3594	0.9688
  v	0.9695	0.969	0.9667	0.9692	0.9685	0.9683	0.967	0.969	0.9435	0.9692	0.9698	0.9496	0.9693	0.9693	0.9692	0.9688	0.9692	0.9899	0.9692	0.9686	0.9631	0.9691	0.9693	0.9691	0.967	0.9691	0.9692	0.9656	0.9663	0.9692	0.9692	0.9691	0.9692	0.9692	0.9655	0.965	1.6672	0.9693	0.9692	0.9692	0.9692	0.9729	0.9691	0.9692	0.9691	0.9692	0.9651	1.0939	0.9692	0.9693	0.9629	0.9664	0.9692	0	0.9692	0.9682	0.9637	0.9692	0.9694	0.9692	0.9673	0.9693	2.4798	0.9615	0.9689
  w	0.9699	0.9691	0.9659	0.9695	0.9685	0.9679	0.9667	0.9691	0.9358	0.9694	0.969	0.941	0.9694	0.9692	0.9693	1.3961	0.9693	0.9595	0.9693	0.9684	0.961	0.9691	0.9693	0.9692	0.9666	0.9692	0.9693	1.7283	0.9657	0.9692	0.9693	0.9693	0.9693	0.9692	0.9644	0.9638	0.9581	0.9695	0.9693	0.9693	0.9694	0.9693	0.9692	0.9693	1.0685	1.2476	0.9636	0.9693	0.9693	0.9693	0.9609	0.9656	0.9693	0.9692	0	0.9679	0.962	0.9693	0.9695	0.9693	1.346	0.9703	1.3443	0.9593	0.969
  x	0.9689	0.9679	0.9753	0.9679	0.9674	0.9671	0.9666	0.976	0.9424	0.9678	0.969	3.3062	0.9679	0.9681	0.9679	0.9678	0.9679	0.9606	0.9679	0.9681	1.3495	0.9676	0.9678	0.9678	0.9657	0.9677	0.9677	0.9643	3.4941	0.9681	0.9678	0.9678	0.9678	0.9684	0.9647	1.1799	1.0425	0.9688	0.9678	0.9677	0.9678	0.9678	0.968	0.9678	0.9677	0.9678	1.9574	0.968	0.9683	0.9683	1.5534	0.9648	0.9678	0.9682	0.9679	0	0.9623	0.9677	0.968	0.9677	0.9665	0.968	1.9738	1.1514	0.9674
  y	0.9619	0.9626	1.0701	0.9615	0.9988	0.9957	0.9643	0.9616	0.9384	0.9613	1.1113	1.4138	0.9615	0.9625	0.9612	0.9633	0.9615	0.9556	0.9622	0.9655	0.9709	0.961	0.9615	0.9615	0.959	0.9611	0.9611	0.9582	0.9628	0.9622	0.9614	0.9612	0.9612	0.963	0.9608	1.8962	1.915	0.9629	0.9614	0.9612	0.9613	0.9616	0.963	0.9613	0.9611	0.9612	0.9605	0.9626	0.9634	0.9635	0.9597	0.9579	0.9613	0.9637	0.962	0.9623	0	0.9612	0.962	0.9612	1.4415	0.962	1.6454	0.955	0.961
  z	0.9694	0.969	0.9653	0.9693	0.9683	0.9676	0.9658	0.9691	0.9326	0.9693	0.9684	0.9382	0.9693	0.9691	0.9693	0.9687	0.9693	0.9584	0.9693	0.9683	0.9601	0.9691	0.9693	0.9691	0.9662	0.9692	0.9693	0.964	0.9645	0.9692	0.9693	0.9692	0.9693	0.9691	0.9638	0.9632	0.9568	0.9694	0.9693	0.9693	0.9693	0.9692	0.9691	0.9693	0.9692	0.9693	0.963	0.9692	0.9692	0.9693	0.96	0.9652	0.9693	0.9692	0.9693	0.9677	0.9612	0	0.9694	0.9693	1.449	0.9693	0.8903	0.9583	0.9688
  {	0.9695	0.9691	0.9659	0.9693	0.9685	0.9681	0.9663	0.9691	0.9358	0.9694	0.9689	0.942	0.9695	0.9694	0.9693	0.9691	0.9695	0.9597	0.9694	0.9686	0.9614	0.9692	0.9695	0.9692	0.9665	0.9692	0.9693	0.9648	0.9671	0.9695	0.9694	0.9693	0.9693	0.9694	0.9643	0.9637	1.6479	0.9696	0.9693	0.9693	0.9694	0.9693	0.9692	0.9694	0.9693	0.9694	0.964	0.9694	0.9694	0.9695	0.9609	0.9655	0.9693	0.9694	0.9695	0.968	0.962	0.9694	0	0.9693	1.0613	0.9694	1.0911	0.9592	0.969
  |	0.9694	0.969	0.9653	0.9693	0.9684	0.9677	1.4485	0.9691	0.9326	0.9693	0.9685	0.9382	0.9693	0.9691	0.9693	0.9685	0.9693	0.9584	0.9693	0.9683	0.9601	0.9691	0.9693	0.9691	0.9663	0.9692	0.9693	0.9639	0.9645	0.9692	0.9693	0.9693	0.9693	0.9691	0.9638	0.9632	0.9568	0.9694	0.9693	0.9693	0.9694	0.9692	0.9691	0.9693	0.9692	0.9693	0.963	0.9692	0.9692	0.9693	0.96	0.9652	0.9693	0.9692	0.9693	0.9677	0.9612	0.9693	0.9693	0	0.966	0.9693	0.8906	0.9583	0.9688
  }	0.9669	0.9667	0.967	0.9664	0.9654	0.966	1.1062	0.9661	0.9525	0.9661	1.2036	1.2147	0.9663	0.9668	0.966	3.1179	0.9662	1.4439	0.9664	0.9679	1.4455	0.966	0.9665	0.9661	0.9647	0.966	0.966	1.6681	1.452	1.7661	0.9661	0.966	0.966	0.9669	0.9653	0.9647	1.9796	0.9668	0.9661	0.966	0.9661	0.9663	0.9668	0.9661	0.9661	0.9661	0.9675	1.3236	0.967	0.9671	0.9643	0.9641	0.9661	0.9673	1.346	0.9665	1.4415	1.449	1.0613	0.966	0	0.9666	5.3493	0.9632	0.966
  ~	0.9697	0.9691	0.966	0.9693	0.9685	0.9678	1.235	0.9691	0.9365	0.9693	0.969	0.9414	0.9693	0.9692	0.9693	0.9687	0.9693	0.9595	0.9693	0.9687	0.9611	0.9691	0.9693	0.9692	0.9665	0.9692	0.9693	0.9645	0.9657	0.9692	0.9693	0.9693	0.9693	0.9692	0.9645	0.9638	0.9582	0.9695	0.9694	0.9693	0.9694	0.9692	0.9692	0.9693	0.9692	0.9693	0.9637	0.9693	0.9694	0.9694	0.9611	0.9656	0.9693	0.9693	0.9703	0.968	0.962	0.9693	0.9694	0.9693	0.9666	0	1.2386	0.9593	0.9689
  	1.0925	1.7756	5.7469	0.8933	0.8871	1.0373	7.8399	0.8974	55.9503	0.8916	3.6768	17.0308	0.8921	1.3308	0.8902	2.8901	0.8925	2.1338	1.347	6.5918	5.3511	0.8918	0.9418	1.0633	0.8923	0.8906	0.8901	1.4705	6.4486	1.1498	0.8915	0.8906	0.8906	1.996	4.2335	1.0144	15.2712	1.4358	0.927	0.8914	0.8904	1.0923	1.8828	0.8915	0.8904	0.89	3.7206	1.5672	2.2075	2.2688	8.5566	0.8907	0.8913	2.4798	1.3443	1.9738	1.6454	0.8903	1.0911	0.8906	5.3493	1.2386	0	0.9384	0.8971
  	0.9593	0.9602	1.1979	0.959	0.9576	0.959	0.9629	2.3976	1.4046	0.9584	0.9627	8.2517	0.9587	1.2031	0.9583	0.9611	0.9587	1.0661	0.9595	0.9642	2.3771	0.9582	0.9587	1.438	0.9571	0.9583	0.9582	0.957	3.0824	0.9598	0.9586	0.9583	0.9584	1.3137	0.9602	2.3705	2.579	1.3279	0.9587	0.9583	0.9584	0.959	0.9606	0.9585	0.9583	0.9583	1.4546	0.9601	0.9611	0.9612	1.0594	0.9563	1.3594	0.9615	0.9593	1.1514	0.955	0.9583	0.9592	0.9583	0.9632	0.9593	0.9384	0	0.9582
  	0.9689	0.9687	1.1718	0.9689	0.9679	0.9678	0.9669	0.9686	0.9327	1.0152	1.1679	0.9384	0.969	0.9688	0.9688	0.9683	0.969	0.9587	0.9689	0.9681	0.9605	0.9687	0.9689	0.9687	0.9658	0.9687	0.9688	1.2262	0.9644	0.9688	0.9689	0.9688	0.9688	0.969	0.9636	0.963	1.4111	0.9692	0.9689	0.9688	0.9689	0.9688	0.9688	0.9689	0.9688	0.9688	0.9632	0.9688	0.969	1.5193	0.96	0.9648	0.9688	0.9689	0.969	0.9674	0.961	0.9688	0.969	0.9688	0.966	0.9689	0.8971	0.9582	0

Actual rates from j->i (Q_ij):
	A	B	C	D	E	F	G	H	I	J	K	L	M	N	O	P	Q	R	S	T	U	V	W	X	Y	Z	[	\	]	^	_	`	a	b	c	d	e	f	g	h	i	j	k	l	m	n	o	p	q	r	s	t	u	v	w	x	y	z	{	|	}	~			
  A	0	0.0177	0.0176	0.0177	0.0177	0.0177	0.0176	0.0177	0.0171	0.0177	0.0177	0.0172	0.0177	0.0177	0.0177	0.0177	0.0177	0.0175	0.0177	0.0177	0.0176	0.0177	0.0177	0.0177	0.0176	0.0177	0.0177	0.0176	0.0229	0.0177	0.0177	0.0177	0.0177	0.0177	0.0176	0.0176	0.0175	0.0177	0.0177	0.0177	0.0177	0.0177	0.0177	0.0177	0.0177	0.0177	0.0176	0.0177	0.0177	0.0177	0.0176	0.0176	0.0177	0.0177	0.0177	0.0177	0.0176	0.0177	0.0177	0.0177	0.0176	0.0177	0.0199	0.0175	0.0177
  B	0.0152	0	0.0151	0.0152	0.0151	0.0151	0.0151	0.0152	0.0147	0.0152	0.0173	0.0148	0.0152	0.0152	0.0152	0.0151	0.0152	0.015	0.0152	0.0151	0.015	0.0152	0.0152	0.0152	0.0151	0.0152	0.0152	0.0151	0.0151	0.0152	0.0152	0.0152	0.0152	0.0152	0.0151	0.0151	0.015	0.0152	0.0152	0.0152	0.0152	0.0152	0.0152	0.0152	0.0152	0.0152	0.0151	0.0152	0.0152	0.0152	0.015	0.0151	0.0152	0.0152	0.0152	0.0151	0.0151	0.0152	0.0152	0.0152	0.0151	0.0152	0.0278	0.015	0.0151
  C	0.0088	0.0088	0	0.0088	0.0088	0.0088	0.0133	0.0088	0.0087	0.0091	0.0113	0.0171	0.0088	0.0088	0.0088	0.0088	0.0088	0.0087	0.0088	0.0088	0.0126	0.0131	0.0088	0.0103	0.0088	0.0088	0.0088	0.0107	0.0188	0.0088	0.0088	0.0088	0.0088	0.0088	0.0093	0.0088	0.0293	0.0101	0.0132	0.0088	0.0088	0.0088	0.0108	0.0088	0.0088	0.0088	0.0111	0.0088	0.0131	0.0088	0.014	0.0088	0.0088	0.0088	0.0088	0.0089	0.0097	0.0088	0.0088	0.0088	0.0088	0.0088	0.0522	0.0109	0.0106
  D	0.0181	0.0181	0.018	0	0.0181	0.0181	0.018	0.0181	0.0174	0.0181	0.0181	0.0209	0.0181	0.0181	0.0181	0.0181	0.0181	0.0634	0.0181	0.0181	0.0179	0.0181	0.0181	0.0181	0.018	0.0181	0.0181	0.0264	0.018	0.0181	0.0181	0.0181	0.0181	0.0181	0.018	0.018	0.0179	0.0181	0.0181	0.0181	0.0181	0.0181	0.0181	0.0181	0.0181	0.0181	0.018	0.0181	0.0181	0.0181	0.0179	0.018	0.0181	0.0181	0.0181	0.0181	0.0179	0.0181	0.0181	0.0181	0.018	0.0181	0.0167	0.0179	0.0181
  E	0.0196	0.0196	0.0195	0.0196	0	0.0196	0.0196	0.0196	0.0189	0.0196	0.0196	0.019	0.0196	0.0196	0.0252	0.0196	0.0196	0.0194	0.0196	0.0196	0.0194	0.0196	0.0196	0.0196	0.0196	0.0196	0.0196	0.0195	0.0195	0.02	0.0196	0.0196	0.0196	0.0196	0.0195	0.0736	0.0195	0.0196	0.0196	0.0196	0.0196	0.0196	0.0196	0.0196	0.0196	0.0196	0.0751	0.0196	0.0196	0.0196	0.0194	0.0195	0.0196	0.0196	0.0196	0.0196	0.0202	0.0196	0.0196	0.0196	0.0196	0.0196	0.018	0.0194	0.0196
  F	0.0174	0.0174	0.0173	0.0174	0.0173	0	0.0173	0.0174	0.0168	0.0174	0.0233	0.0172	0.0174	0.0183	0.0174	0.026	0.0202	0.0698	0.0174	0.0174	0.0188	0.0288	0.0174	0.0176	0.0173	0.0173	0.0174	0.0302	0.0173	0.0174	0.0174	0.0174	0.0174	0.0174	0.0173	0.0173	0.0738	0.0174	0.0174	0.0174	0.0174	0.0174	0.0174	0.0174	0.0174	0.0174	0.0632	0.0174	0.0174	0.0174	0.0172	0.0177	0.0174	0.0174	0.0174	0.0173	0.0179	0.0174	0.0174	0.0174	0.0173	0.0174	0.0186	0.0172	0.0174
  G	0.0075	0.0075	0.0113	0.0075	0.0075	0.0075	0	0.0075	0.0074	0.0075	0.0082	0.0099	0.0075	0.0075	0.0075	0.0075	0.0075	0.0074	0.0075	0.0112	0.0078	0.0075	0.0075	0.0075	0.0075	0.0075	0.0075	0.0075	0.0075	0.008	0.0075	0.0075	0.0075	0.0075	0.0075	0.0075	0.0075	0.0075	0.0097	0.0075	0.0075	0.0075	0.0075	0.0075	0.0075	0.0075	0.0075	0.0075	0.0112	0.0075	0.0075	0.0075	0.0075	0.0075	0.0075	0.0075	0.0075	0.0075	0.0075	0.0112	0.0086	0.0095	0.0606	0.0074	0.0075
  H	0.0175	0.0175	0.0174	0.0175	0.0175	0.0175	0.0174	0	0.0169	0.0175	0.0175	0.0317	0.0175	0.0175	0.0175	0.0175	0.0175	0.0173	0.0175	0.0175	0.0173	0.0175	0.0175	0.0175	0.0174	0.0175	0.0175	0.0174	0.0175	0.0175	0.0175	0.0175	0.0175	0.0175	0.0174	0.0184	0.0173	0.0175	0.0175	0.0175	0.0175	0.0175	0.0175	0.0175	0.0175	0.0175	0.0184	0.0175	0.0175	0.0175	0.0173	0.0174	0.0175	0.0175	0.0175	0.0176	0.0174	0.0175	0.0175	0.0175	0.0174	0.0175	0.0162	0.0433	0.0175
  I	0.0019	0.0019	0.002	0.0019	0.0019	0.0019	0.002	0.0019	0	0.0019	0.0021	0.0037	0.0019	0.0019	0.0019	0.0021	0.0019	0.0019	0.0019	0.002	0.002	0.0019	0.0019	0.0019	0.0019	0.0019	0.0019	0.0019	0.003	0.0019	0.0019	0.0019	0.0019	0.0019	0.0055	0.0019	0.002	0.0019	0.0019	0.0019	0.0019	0.0019	0.0022	0.0019	0.0019	0.0019	0.002	0.0019	0.0019	0.0019	0.0037	0.0019	0.0019	0.0019	0.0019	0.0019	0.0019	0.0019	0.0019	0.0019	0.002	0.0019	0.1148	0.0029	0.0019
  J	0.0187	0.0187	0.0193	0.0187	0.0187	0.0186	0.0186	0.0187	0.018	0	0.0193	0.0181	0.0187	0.0187	0.0187	0.0187	0.0187	0.0185	0.0187	0.0187	0.0185	0.0187	0.0187	0.0187	0.0186	0.0187	0.0187	0.0268	0.0186	0.0187	0.0187	0.0187	0.0187	0.0187	0.0186	0.0186	0.0184	0.0187	0.0187	0.0187	0.0187	0.0187	0.0187	0.0187	0.0187	0.0187	0.0186	0.0187	0.0187	0.0187	0.0185	0.0186	0.0187	0.0187	0.0187	0.0186	0.0185	0.0187	0.0187	0.0187	0.0186	0.0187	0.0172	0.0185	0.0196
  K	0.0114	0.013	0.0146	0.0114	0.0114	0.0153	0.0124	0.0114	0.0118	0.0118	0	0.0113	0.0114	0.0114	0.0114	0.0114	0.0114	0.0114	0.0114	0.0115	0.0119	0.0114	0.0114	0.0114	0.0114	0.0114	0.0114	0.0167	0.0114	0.0114	0.0114	0.0114	0.0114	0.0114	0.0114	0.0114	0.0142	0.0114	0.0114	0.0171	0.0114	0.0114	0.0114	0.0114	0.0114	0.0114	0.0114	0.0114	0.0114	0.0114	0.0114	0.0114	0.0114	0.0114	0.0114	0.0114	0.0131	0.0114	0.0114	0.0114	0.0142	0.0114	0.0433	0.0113	0.0138
  L	0.0052	0.0052	0.0103	0.0061	0.0051	0.0053	0.007	0.0096	0.0099	0.0051	0.0052	0	0.0051	0.0053	0.0051	0.0052	0.0051	0.0052	0.0051	0.0052	0.061	0.0051	0.0051	0.006	0.0077	0.0051	0.0051	0.0069	0.0261	0.0117	0.0051	0.0051	0.0051	0.0052	0.0052	0.0477	0.0077	0.0069	0.0063	0.0051	0.0051	0.0052	0.0052	0.0051	0.0051	0.0051	0.0256	0.0052	0.0078	0.0052	0.0378	0.0051	0.0051	0.0052	0.0051	0.0181	0.0077	0.0051	0.0051	0.0051	0.0066	0.0051	0.0931	0.0451	0.0051
  M	0.0184	0.0184	0.0183	0.0184	0.0184	0.0184	0.0183	0.0184	0.0177	0.0184	0.0184	0.0178	0	0.0184	0.0184	0.0184	0.0244	0.0183	0.0184	0.0184	0.0182	0.0184	0.0184	0.0184	0.0183	0.0184	0.0184	0.0183	0.0183	0.0184	0.0184	0.0184	0.0184	0.0184	0.0183	0.0183	0.0419	0.0184	0.0184	0.0184	0.0215	0.0184	0.0184	0.0184	0.0184	0.0184	0.0186	0.0184	0.0184	0.0184	0.0182	0.0183	0.0184	0.0184	0.0184	0.0184	0.0182	0.0184	0.0184	0.0184	0.0183	0.0184	0.0169	0.0182	0.0184
  N	0.0165	0.0165	0.0165	0.0165	0.0165	0.0174	0.0165	0.0165	0.016	0.0165	0.0165	0.0165	0.0165	0	0.0165	0.0165	0.0165	0.0258	0.0165	0.0165	0.0194	0.0165	0.0165	0.0165	0.0165	0.0165	0.0165	0.0165	0.0165	0.0165	0.0165	0.0165	0.0165	0.0165	0.0164	0.0164	0.0201	0.0165	0.0165	0.0165	0.0165	0.0165	0.0165	0.0165	0.0165	0.0165	0.0165	0.0165	0.0165	0.0165	0.0164	0.0165	0.0165	0.0165	0.0165	0.0165	0.0164	0.0165	0.0165	0.0165	0.0165	0.0165	0.0227	0.0205	0.0165
  O	0.0188	0.0188	0.0187	0.0188	0.0241	0.0188	0.0187	0.0188	0.0181	0.0188	0.0188	0.0182	0.0188	0.0188	0	0.0188	0.0188	0.0186	0.0188	0.0188	0.0186	0.0188	0.0188	0.0188	0.0187	0.0188	0.0188	0.0187	0.0187	0.0188	0.0188	0.0188	0.0188	0.0188	0.0187	0.0187	0.0187	0.0188	0.0188	0.0188	0.0188	0.0188	0.0188	0.0188	0.0188	0.0188	0.0341	0.0188	0.0188	0.0188	0.0186	0.0187	0.0188	0.0188	0.0188	0.0188	0.0186	0.0188	0.0188	0.0188	0.0187	0.0188	0.0173	0.0186	0.0188
  P	0.0133	0.0133	0.0133	0.0133	0.0133	0.0198	0.0132	0.0133	0.0137	0.0133	0.0133	0.013	0.0133	0.0133	0.0133	0	0.0133	0.033	0.0133	0.0133	0.0132	0.0133	0.0133	0.0133	0.0132	0.0133	0.0133	0.0132	0.0132	0.0133	0.0133	0.0133	0.0133	0.0133	0.0132	0.0132	0.0157	0.0133	0.0133	0.0133	0.0133	0.0133	0.0133	0.0133	0.0133	0.017	0.0132	0.0133	0.0133	0.0133	0.0132	0.0132	0.0133	0.0133	0.0191	0.0133	0.0132	0.0133	0.0133	0.0133	0.0427	0.0133	0.0396	0.0132	0.0133
  Q	0.0184	0.0184	0.0183	0.0184	0.0183	0.0214	0.0183	0.0184	0.0177	0.0184	0.0183	0.0178	0.0244	0.0184	0.0184	0.0183	0	0.0183	0.0184	0.0183	0.0182	0.0184	0.0184	0.0184	0.0183	0.0184	0.0184	0.0183	0.0183	0.0184	0.0184	0.0184	0.0184	0.0184	0.0183	0.0183	0.0352	0.0184	0.0184	0.0184	0.0243	0.0184	0.0184	0.0184	0.0184	0.0184	0.0334	0.0184	0.0184	0.0184	0.0182	0.0183	0.0184	0.0184	0.0184	0.0183	0.0182	0.0184	0.0184	0.0184	0.0183	0.0184	0.0169	0.0182	0.0184
  R	0.012	0.012	0.012	0.0425	0.012	0.0487	0.012	0.012	0.0118	0.012	0.0121	0.0119	0.0121	0.019	0.012	0.0301	0.0121	0	0.012	0.0121	0.0132	0.0225	0.012	0.012	0.012	0.012	0.012	0.0398	0.012	0.012	0.012	0.012	0.012	0.012	0.012	0.012	0.0789	0.012	0.012	0.012	0.012	0.0121	0.012	0.012	0.012	0.012	0.0126	0.012	0.012	0.012	0.012	0.0811	0.012	0.0124	0.012	0.012	0.012	0.012	0.012	0.012	0.0181	0.012	0.0267	0.0133	0.012
  S	0.0166	0.0166	0.0165	0.0166	0.0166	0.0166	0.0166	0.0166	0.016	0.0166	0.0166	0.0161	0.0166	0.0166	0.0166	0.0166	0.0166	0.0164	0	0.0166	0.0165	0.0166	0.0166	0.0166	0.0166	0.0166	0.0166	0.0165	0.0165	0.0166	0.0166	0.0166	0.0166	0.0166	0.0165	0.0165	0.0164	0.0166	0.0166	0.0166	0.0166	0.0166	0.0166	0.0166	0.0166	0.0166	0.0165	0.0166	0.0166	0.0166	0.0165	0.0165	0.0166	0.0166	0.0166	0.0166	0.0165	0.0166	0.0166	0.0166	0.0166	0.0166	0.0231	0.0164	0.0166
